[1531977478397008, 8, 0, 0, 0]
[1531977478397016, 40, 0, 0, 0]
[1531977478397019, 72, 0, 0, 0]
[1531977478397040, 104, 0, 0, 0]
[1531977478397045, 136, 0, 0, 0]
[1531977478397046, 272, 0, 0, 0]
[1531977478397049, 276, 0, 0, 0]
[1531977478397053, 280, 0, 0, 0]
[1531977478397055, 0, 0, 18712576, 0]
[1531977478397072, 0, 0, 18712580, 0]
[1531977478397075, 1432, 0, 0, 0]
[1531977478397082, 1436, 0, 0, 0]
[1531977478397090, 0, 0, 37425156, 0]
[1531977478397091, 1440, 0, 0, 0]
[1531977478397097, 1472, 0, 37425160, 0]
[1531977478397126, 1504, 0, 0, 0]
[1531977478397127, 1640, 0, 0, 0]
[1531977478397130, 1672, 0, 0, 0]
[1531977478397131, 1808, 0, 0, 0]
[1531977478397133, 1840, 0, 0, 0]
[1531977478397136, 1836, 0, 0, 0]
[1531977478397139, 1976, 0, 0, 0]
[1531977478397144, 2008, 0, 0, 0]
[1531977478397147, 2004, 0, 0, 0]
[1531977478397148, 2036, 0, 0, 0]
[1531977478397152, 2172, 0, 0, 0]
[1531977478397164, 2308, 0, 0, 0]
[1531977478397171, 2204, 0, 0, 0]
[1531977478397197, 2340, 0, 0, 0]
[1531977478397201, 2204, 0, 0, 0]
[1531977478397253, 0, 0, 0, 4]
[1531977478397259, 0, 0, 0, 8]
[1531977478397265, 0, 0, 0, 12]
[1531977478397270, 0, 0, 37425164, 0]
[1531977478397276, 0, 0, 0, 16]
[1531977478397281, 0, 0, 37425168, 0]
[1531977478397286, 0, 0, 37425176, 0]
[1531977478397290, 0, 0, 0, 20]
[1531977478397294, 0, 0, 0, 24]
[1531977478397299, 0, 0, 37425180, 0]
[1531977478397303, 0, 0, 37425184, 0]
[1531977478397307, 0, 0, 0, 28]
[1531977478397312, 0, 0, 0, 524316]
[1531977478397315, 0, 0, 0, 526364]
[1531977478397320, 0, 0, 37425188, 0]
[1531977478397324, 0, 0, 37425192, 0]
[1531977478397328, 0, 0, 37425196, 0]
[1531977478397334, 0, 0, 37425200, 0]
[1531977478397338, 0, 1, 0, 0]
[1531977478397341, 0, 0, 37425208, 0]
[1531977478397347, 0, 0, 37425212, 0]
[1531977478397350, 0, 0, 37425208, 0]
[1531977478397369, 0, 0, 37425212, 0]
[1531977478397374, 0, 2, 37425216, 0]
[1531977478397375, 0, 0, 37425212, 0]
[1531977478397376, 0, 1, 0, 0]
[1531977478397383, 0, 0, 37425216, 0]
[1531977478397387, 0, 0, 0, 1050652]
[1531977478397393, 0, 0, 0, 1052700]
[1531977478397397, 0, 0, 37425220, 0]
[1531977478397400, 0, 0, 37425224, 0]
[1531977478397406, 0, 0, 37425228, 0]
[1531977478397410, 0, 0, 37425232, 0]
[1531977478397424, 0, 0, 37425236, 0]
[1531977478397429, 0, 0, 37425240, 0]
[1531977478397435, 0, 0, 37425244, 0]
[1531977478397440, 0, 0, 37425248, 0]
[1531977478397445, 0, 0, 0, 1576988]
[1531977478397451, 0, 0, 0, 1579036]
[1531977478397458, 0, 0, 0, 2103324]
[1531977478397463, 0, 0, 0, 2105372]
[1531977478397467, 0, 0, 37425252, 0]
[1531977478397471, 0, 0, 37425256, 0]
[1531977478397474, 0, 0, 37425260, 0]
[1531977478397479, 0, 0, 37425264, 0]
[1531977478397483, 0, 0, 37425268, 0]
[1531977478397487, 0, 0, 37425272, 0]
[1531977478397493, 0, 0, 37425276, 0]
[1531977478397511, 0, 0, 37425280, 0]
[1531977478397516, 0, 0, 37425284, 2105376]
[1531977478397520, 0, 0, 37425288, 0]
[1531977478397524, 0, 0, 37425292, 0]
[1531977478397529, 0, 0, 37425296, 0]
[1531977478397533, 0, 0, 0, 2629664]
[1531977478397539, 0, 0, 37425300, 0]
[1531977478397544, 0, 0, 37425304, 0]
[1531977478397546, 0, 0, 37425312, 0]
[1531977478397551, 0, 0, 37425316, 0]
[1531977478397557, 0, 0, 37425320, 0]
[1531977478397562, 0, 0, 0, 2631712]
[1531977478397567, 0, 0, 37425324, 0]
[1531977478397570, 0, 0, 37425328, 0]
[1531977478397573, 0, 0, 37425332, 0]
[1531977478397577, 0, 0, 37425332, 0]
[1531977478397587, 0, 0, 37425336, 0]
[1531977478397592, 0, 0, 37425340, 0]
[1531977478397597, 0, 0, 37425344, 0]
[1531977478397600, 0, 0, 37425352, 0]
[1531977478397603, 0, 0, 37425360, 0]
[1531977478397607, 0, 0, 37425368, 0]
[1531977478397611, 0, 0, 37425372, 0]
[1531977478397615, 0, 0, 0, 2631716]
[1531977478397618, 0, 0, 37425376, 0]
[1531977478397622, 0, 0, 0, 3156004]
[1531977478397628, 0, 0, 0, 3158052]
[1531977478397632, 0, 0, 0, 21870628]
[1531977478397638, 0, 0, 37425380, 0]
[1531977478397642, 0, 0, 0, 22394916]
[1531977478397646, 0, 0, 0, 22396964]
[1531977478397652, 0, 0, 0, 22921252]
[1531977478397656, 0, 0, 0, 22923300]
[1531977478397661, 0, 0, 0, 22923304]
[1531977478397665, 0, 0, 0, 41635880]
[1531977478397710, 0, 0, 0, 41635884]
[1531977478397717, 0, 0, 0, 41635880]
[1531977478397720, 0, 0, 0, 41635884]
[1531977478397750, 0, 0, 0, 41635880]
[1531977478397753, 0, 0, 0, 41635884]
[1531977478397756, 0, 0, 0, 41635880]
[1531977478397759, 0, 0, 0, 42160168]
[1531977478397762, 0, 0, 0, 41635880]
[1531977478397765, 0, 0, 0, 41637928]
[1531977478397770, 0, 0, 0, 41635880]
[1531977478397773, 0, 0, 37425384, 0]
[1531977478397798, 0, 0, 37425380, 0]
[1531977478397800, 0, 137, 0, 0]
[1531977478397816, 0, 0, 37425376, 0]
[1531977478397819, 0, 273, 0, 0]
[1531977478397828, 0, 409, 0, 0]
[1531977478397839, 0, 545, 0, 0]
[1531977478397849, 0, 681, 0, 0]
[1531977478397863, 0, 0, 37425372, 0]
[1531977478397868, 0, 817, 0, 0]
[1531977478397876, 0, 953, 0, 0]
[1531977478397886, 0, 1089, 0, 0]
[1531977478397895, 0, 1225, 0, 0]
[1531977478397902, 0, 1361, 0, 0]
[1531977478397910, 0, 0, 37425368, 0]
[1531977478397913, 0, 1497, 0, 0]
[1531977478397925, 0, 1633, 0, 0]
[1531977478397932, 0, 1769, 0, 0]
[1531977478397941, 0, 1905, 0, 0]
[1531977478397953, 0, 2041, 0, 0]
[1531977478397959, 0, 2177, 0, 0]
[1531977478397976, 0, 2313, 0, 0]
[1531977478397987, 0, 2449, 0, 0]
[1531977478397994, 0, 2585, 0, 0]
[1531977478398001, 0, 0, 37425364, 0]
[1531977478398003, 0, 2721, 0, 0]
[1531977478398014, 0, 2857, 0, 0]
[1531977478398019, 0, 0, 37425360, 0]
[1531977478398024, 0, 2993, 0, 0]
[1531977478398031, 0, 3129, 0, 0]
[1531977478398041, 0, 3265, 0, 0]
[1531977478398051, 0, 3401, 0, 0]
[1531977478398056, 0, 0, 37425356, 0]
[1531977478398058, 0, 3537, 0, 0]
[1531977478398068, 0, 0, 37425360, 0]
[1531977478398071, 0, 0, 37425356, 0]
[1531977478398072, 0, 0, 37425352, 0]
[1531977478398074, 0, 0, 0, 42160168]
[1531977478398079, 0, 0, 0, 41635880]
[1531977478398082, 0, 0, 0, 41637928]
[1531977478398084, 0, 0, 0, 41635880]
[1531977478398086, 0, 0, 37425356, 0]
[1531977478398098, 0, 0, 37425352, 0]
[1531977478398101, 0, 3673, 0, 0]
[1531977478398109, 0, 0, 37425348, 0]
[1531977478398112, 0, 3809, 0, 0]
[1531977478398121, 0, 3945, 0, 0]
[1531977478398132, 0, 4081, 0, 0]
[1531977478398139, 0, 4217, 0, 0]
[1531977478398146, 0, 0, 37425344, 0]
[1531977478398149, 0, 4353, 0, 0]
[1531977478398158, 0, 4489, 0, 0]
[1531977478398178, 0, 4625, 0, 0]
[1531977478398185, 0, 4761, 0, 0]
[1531977478398194, 0, 4897, 0, 0]
[1531977478398201, 0, 0, 37425340, 0]
[1531977478398204, 0, 5033, 0, 0]
[1531977478398212, 0, 5169, 0, 0]
[1531977478398221, 0, 5305, 0, 0]
[1531977478398230, 0, 5441, 0, 0]
[1531977478398239, 0, 5577, 0, 0]
[1531977478398246, 0, 5713, 0, 0]
[1531977478398256, 0, 5849, 0, 0]
[1531977478398269, 0, 5985, 0, 0]
[1531977478398276, 0, 6121, 0, 0]
[1531977478398283, 0, 0, 37425336, 0]
[1531977478398286, 0, 6257, 0, 0]
[1531977478398294, 0, 6393, 0, 0]
[1531977478398299, 0, 0, 37425332, 0]
[1531977478398301, 0, 6529, 0, 0]
[1531977478398310, 0, 6665, 0, 0]
[1531977478398320, 0, 6801, 0, 0]
[1531977478398326, 0, 6937, 0, 0]
[1531977478398334, 0, 0, 37425328, 0]
[1531977478398336, 0, 7073, 0, 0]
[1531977478398345, 0, 0, 37425332, 0]
[1531977478398349, 0, 0, 37425328, 0]
[1531977478398350, 0, 0, 37425324, 0]
[1531977478398351, 0, 0, 0, 42160168]
[1531977478398354, 0, 0, 0, 41635880]
[1531977478398357, 0, 0, 0, 41637928]
[1531977478398362, 0, 0, 0, 41635880]
[1531977478398365, 0, 0, 0, 42160168]
[1531977478398367, 0, 0, 0, 41635880]
[1531977478398369, 0, 0, 0, 41637928]
[1531977478398374, 0, 0, 0, 41635880]
[1531977478398377, 0, 0, 37425328, 0]
[1531977478398379, 0, 0, 37425324, 0]
[1531977478398381, 0, 7209, 0, 0]
[1531977478398388, 0, 0, 37425320, 0]
[1531977478398391, 0, 7345, 0, 0]
[1531977478398401, 0, 7481, 0, 0]
[1531977478398406, 0, 0, 37425316, 0]
[1531977478398408, 0, 7617, 0, 0]
[1531977478398425, 0, 0, 37425312, 0]
[1531977478398428, 0, 7753, 0, 0]
[1531977478398435, 0, 0, 37425308, 0]
[1531977478398438, 0, 7889, 0, 0]
[1531977478398445, 0, 8025, 0, 0]
[1531977478398455, 0, 8161, 0, 0]
[1531977478398465, 0, 8297, 0, 0]
[1531977478398477, 0, 8433, 0, 0]
[1531977478398484, 0, 8569, 0, 0]
[1531977478398493, 0, 8705, 0, 0]
[1531977478398505, 0, 8841, 0, 0]
[1531977478398515, 0, 8977, 0, 0]
[1531977478398525, 0, 9113, 0, 0]
[1531977478398532, 0, 0, 37425304, 0]
[1531977478398535, 0, 9249, 0, 0]
[1531977478398544, 0, 9385, 0, 0]
[1531977478398553, 0, 9521, 0, 0]
[1531977478398560, 0, 9657, 0, 0]
[1531977478398561, 2068, 0, 0, 0]
[1531977478398562, 1428, 0, 0, 0]
[1531977478398567, 0, 0, 37425300, 0]
[1531977478398570, 0, 9793, 0, 0]
[1531977478398572, 0, 0, 37425304, 0]
[1531977478398579, 1300, 9929, 0, 0]
[1531977478398585, 0, 10065, 0, 0]
[1531977478398596, 1428, 10201, 0, 0]
[1531977478398597, 0, 10205, 37425336, 0]
[1531977478398604, 1684, 10209, 0, 0]
[1531977478398607, 0, 10213, 0, 0]
[1531977478398612, 0, 0, 37425332, 0]
[1531977478398621, 0, 10349, 0, 0]
[1531977478398633, 0, 10485, 0, 0]
[1531977478398639, 0, 10621, 0, 0]
[1531977478398643, 0, 10617, 0, 0]
[1531977478398645, 0, 0, 37425340, 0]
[1531977478398649, 0, 10757, 0, 0]
[1531977478398650, 0, 0, 0, 41636264]
[1531977478398661, 0, 10753, 0, 0]
[1531977478398662, 0, 10889, 0, 0]
[1531977478398675, 0, 11025, 0, 0]
[1531977478398680, 0, 11021, 0, 0]
[1531977478398683, 0, 11157, 0, 0]
[1531977478398693, 0, 11293, 0, 0]
[1531977478398702, 0, 11429, 0, 0]
[1531977478398707, 0, 0, 37425336, 0]
[1531977478398712, 0, 11565, 0, 41636520]
[1531977478398720, 0, 11701, 0, 0]
[1531977478398729, 0, 11837, 0, 0]
[1531977478398733, 0, 0, 0, 41636521]
[1531977478398735, 0, 0, 0, 41636553]
[1531977478398741, 0, 11973, 0, 0]
[1531977478398746, 0, 0, 37425332, 0]
[1531977478398751, 0, 12109, 0, 0]
[1531977478398756, 0, 0, 37425328, 0]
[1531977478398758, 0, 12245, 0, 0]
[1531977478398768, 0, 12381, 0, 0]
[1531977478398778, 0, 0, 37425296, 0]
[1531977478398780, 0, 0, 37425292, 0]
[1531977478398783, 0, 12517, 0, 0]
[1531977478398793, 0, 12653, 0, 0]
[1531977478398798, 0, 0, 0, 41636809]
[1531977478398800, 0, 12789, 0, 0]
[1531977478398811, 0, 12925, 0, 0]
[1531977478398818, 0, 0, 37425288, 0]
[1531977478398820, 0, 13061, 0, 0]
[1531977478398830, 0, 13197, 0, 0]
[1531977478398837, 0, 13333, 0, 0]
[1531977478398847, 0, 0, 0, 42161097]
[1531977478398851, 0, 13469, 0, 0]
[1531977478398862, 0, 13605, 0, 0]
[1531977478398868, 0, 0, 37425284, 0]
[1531977478398870, 0, 0, 0, 42161101]
[1531977478398871, 0, 13741, 0, 0]
[1531977478398881, 0, 13877, 0, 0]
[1531977478398883, 0, 13881, 0, 0]
[1531977478398888, 0, 0, 37425288, 0]
[1531977478398894, 0, 13889, 37425284, 0]
[1531977478398895, 0, 13893, 37425280, 0]
[1531977478398897, 0, 14029, 0, 42161105]
[1531977478398902, 0, 0, 37425276, 0]
[1531977478398906, 0, 0, 0, 42161109]
[1531977478398912, 0, 14025, 0, 0]
[1531977478398917, 0, 0, 37425660, 0]
[1531977478398923, 0, 14033, 0, 0]
[1531977478398926, 0, 0, 37425664, 0]
[1531977478398929, 0, 14029, 37425660, 0]
[1531977478398931, 0, 0, 0, 42161113]
[1531977478398935, 0, 0, 37425652, 42161109]
[1531977478398936, 0, 14033, 0, 0]
[1531977478398939, 0, 0, 37425656, 0]
[1531977478398945, 0, 0, 37425660, 0]
[1531977478398949, 0, 14041, 0, 0]
[1531977478398951, 0, 14042, 0, 0]
[1531977478398959, 0, 0, 37425656, 0]
[1531977478398962, 0, 0, 37425657, 42163157]
[1531977478398973, 0, 0, 37425658, 0]
[1531977478398974, 0, 0, 37425657, 0]
[1531977478398984, 0, 0, 0, 42687445]
[1531977478398989, 0, 0, 0, 42689493]
[1531977478398993, 0, 0, 0, 61402069]
[1531977478398997, 0, 0, 0, 61926357]
[1531977478399004, 0, 0, 37425649, 0]
[1531977478399008, 0, 14038, 0, 0]
[1531977478399014, 0, 0, 37425713, 0]
[1531977478399025, 0, 0, 0, 61928405]
[1531977478399029, 1556, 14030, 0, 0]
[1531977478399038, 0, 0, 37425712, 0]
[1531977478399039, 0, 0, 0, 62452693]
[1531977478399042, 1560, 0, 0, 0]
[1531977478399052, 0, 0, 0, 62454741]
[1531977478399057, 1564, 0, 0, 62454745]
[1531977478399059, 0, 0, 37458480, 0]
[1531977478399065, 1568, 0, 0, 0]
[1531977478399068, 1564, 0, 0, 0]
[1531977478399073, 1572, 0, 0, 0]
[1531977478399074, 0, 0, 37458736, 0]
[1531977478399078, 0, 0, 18746160, 62454489]
[1531977478399081, 0, 0, 0, 62454745]
[1531977478399082, 1560, 0, 18746172, 0]
[1531977478399104, 0, 14034, 0, 0]
[1531977478399116, 0, 0, 0, 62454737]
[1531977478399118, 0, 0, 18746160, 0]
[1531977478399119, 0, 0, 0, 81167313]
[1531977478399135, 1700, 0, 0, 0]
[1531977478399137, 0, 14042, 0, 0]
[1531977478399148, 0, 0, 18746096, 0]
[1531977478399153, 0, 0, 18746104, 0]
[1531977478399160, 0, 14038, 0, 0]
[1531977478399168, 0, 0, 0, 81167569]
[1531977478399174, 1704, 0, 0, 0]
[1531977478399176, 1840, 0, 0, 0]
[1531977478399181, 1976, 0, 0, 0]
[1531977478399189, 2112, 0, 0, 0]
[1531977478399205, 0, 0, 18746096, 81167313]
[1531977478399208, 0, 14046, 0, 81200081]
[1531977478399215, 0, 0, 18746072, 0]
[1531977478399219, 0, 0, 0, 81232849]
[1531977478399220, 2108, 0, 18713304, 0]
[1531977478399228, 2112, 0, 0, 0]
[1531977478399239, 18496, 0, 0, 0]
[1531977478399240, 18500, 0, 0, 0]
[1531977478399241, 18640, 0, 0, 0]
[1531977478399247, 0, 14182, 0, 0]
[1531977478399254, 0, 0, 0, 81200081]
[1531977478399255, 0, 14318, 0, 0]
[1531977478399258, 0, 0, 0, 81232849]
[1531977478399261, 0, 14182, 0, 81200081]
[1531977478399264, 0, 14318, 0, 0]
[1531977478399271, 0, 14454, 0, 0]
[1531977478399272, 18504, 0, 0, 0]
[1531977478399273, 18500, 14318, 0, 0]
[1531977478399285, 0, 14454, 0, 0]
[1531977478399291, 0, 14590, 0, 0]
[1531977478399293, 0, 14454, 0, 0]
[1531977478399296, 0, 14590, 0, 0]
[1531977478399304, 0, 14726, 0, 0]
[1531977478399305, 0, 0, 0, 81200085]
[1531977478399307, 0, 14590, 0, 0]
[1531977478399310, 0, 14726, 0, 0]
[1531977478399314, 18496, 0, 0, 0]
[1531977478399319, 0, 14862, 0, 0]
[1531977478399321, 0, 14726, 0, 0]
[1531977478399323, 0, 14862, 0, 0]
[1531977478399332, 0, 14998, 0, 0]
[1531977478399335, 0, 14862, 0, 0]
[1531977478399338, 0, 14998, 0, 0]
[1531977478399342, 0, 15002, 0, 81216469]
[1531977478399343, 0, 15138, 0, 0]
[1531977478399349, 0, 15002, 0, 0]
[1531977478399351, 0, 15138, 18729688, 0]
[1531977478399352, 2112, 0, 0, 0]
[1531977478399353, 0, 15134, 0, 0]
[1531977478399356, 0, 15270, 0, 81200085]
[1531977478399361, 0, 15134, 0, 81183701]
[1531977478399364, 0, 15270, 0, 0]
[1531977478399370, 0, 15406, 0, 0]
[1531977478399373, 0, 15270, 0, 0]
[1531977478399378, 0, 15406, 0, 0]
[1531977478399383, 0, 15542, 0, 0]
[1531977478399385, 0, 15406, 0, 0]
[1531977478399387, 0, 15542, 0, 0]
[1531977478399394, 0, 15678, 0, 0]
[1531977478399396, 0, 15542, 0, 0]
[1531977478399399, 0, 15678, 0, 0]
[1531977478399406, 0, 15814, 0, 0]
[1531977478399408, 0, 15678, 0, 0]
[1531977478399411, 0, 15814, 0, 0]
[1531977478399416, 0, 15950, 0, 0]
[1531977478399421, 0, 15814, 0, 0]
[1531977478399428, 0, 15950, 0, 0]
[1531977478399433, 0, 16086, 0, 0]
[1531977478399435, 0, 15950, 0, 0]
[1531977478399438, 0, 16086, 0, 0]
[1531977478399446, 0, 16222, 0, 0]
[1531977478399448, 0, 16086, 0, 0]
[1531977478399450, 0, 16222, 0, 0]
[1531977478399457, 0, 16358, 0, 0]
[1531977478399460, 0, 16222, 0, 0]
[1531977478399463, 0, 16358, 0, 0]
[1531977478399472, 0, 16494, 0, 0]
[1531977478399474, 0, 16358, 0, 0]
[1531977478399476, 0, 16494, 0, 0]
[1531977478399484, 0, 16630, 0, 0]
[1531977478399486, 0, 16494, 0, 0]
[1531977478399488, 0, 16630, 0, 0]
[1531977478399495, 0, 16766, 0, 0]
[1531977478399498, 0, 16630, 0, 0]
[1531977478399500, 0, 16766, 0, 0]
[1531977478399504, 0, 16902, 0, 0]
[1531977478399509, 0, 16766, 0, 0]
[1531977478399512, 0, 16902, 0, 0]
[1531977478399516, 0, 17038, 0, 0]
[1531977478399518, 0, 16902, 0, 0]
[1531977478399523, 0, 17038, 0, 0]
[1531977478399527, 0, 17174, 0, 0]
[1531977478399529, 0, 17038, 0, 0]
[1531977478399532, 0, 17174, 0, 0]
[1531977478399540, 0, 17310, 0, 0]
[1531977478399543, 0, 17174, 0, 0]
[1531977478399545, 0, 17310, 0, 0]
[1531977478399553, 0, 17446, 0, 0]
[1531977478399555, 0, 17310, 0, 0]
[1531977478399557, 0, 17446, 0, 0]
[1531977478399561, 0, 17582, 0, 0]
[1531977478399566, 0, 17446, 0, 0]
[1531977478399569, 0, 17582, 0, 0]
[1531977478399573, 0, 17718, 0, 0]
[1531977478399575, 0, 17582, 0, 0]
[1531977478399610, 0, 17718, 0, 0]
[1531977478399616, 0, 17854, 0, 0]
[1531977478399618, 0, 17718, 0, 0]
[1531977478399620, 0, 17854, 0, 0]
[1531977478399629, 0, 17990, 0, 0]
[1531977478399630, 0, 17854, 0, 0]
[1531977478399633, 0, 17990, 0, 0]
[1531977478399640, 0, 18126, 0, 0]
[1531977478399642, 0, 17990, 0, 0]
[1531977478399645, 0, 18126, 0, 0]
[1531977478399650, 0, 18262, 0, 0]
[1531977478399654, 0, 18126, 0, 0]
[1531977478399657, 0, 18262, 0, 0]
[1531977478399662, 0, 18398, 0, 0]
[1531977478399667, 0, 18262, 0, 0]
[1531977478399669, 0, 18398, 0, 0]
[1531977478399674, 0, 18534, 0, 0]
[1531977478399676, 0, 18398, 0, 0]
[1531977478399681, 0, 18534, 0, 0]
[1531977478399686, 0, 18670, 0, 0]
[1531977478399688, 0, 18534, 0, 0]
[1531977478399690, 0, 18670, 0, 0]
[1531977478399698, 0, 18806, 0, 0]
[1531977478399701, 0, 18670, 0, 0]
[1531977478399703, 0, 18806, 0, 0]
[1531977478399712, 0, 18942, 0, 0]
[1531977478399714, 0, 18806, 0, 0]
[1531977478399717, 0, 18942, 0, 0]
[1531977478399724, 0, 19078, 0, 0]
[1531977478399726, 0, 18942, 0, 0]
[1531977478399728, 0, 19078, 0, 0]
[1531977478399733, 0, 19214, 0, 0]
[1531977478399738, 0, 19078, 0, 0]
[1531977478399740, 0, 19214, 0, 0]
[1531977478399745, 0, 19350, 0, 0]
[1531977478399747, 0, 19214, 0, 0]
[1531977478399753, 0, 19350, 0, 0]
[1531977478399757, 0, 19486, 0, 0]
[1531977478399759, 0, 19350, 0, 0]
[1531977478399762, 0, 19486, 0, 0]
[1531977478399769, 0, 19622, 0, 0]
[1531977478399771, 0, 19486, 0, 0]
[1531977478399773, 0, 19622, 0, 0]
[1531977478399780, 0, 19758, 0, 0]
[1531977478399783, 0, 19622, 0, 0]
[1531977478399785, 0, 19758, 0, 0]
[1531977478399790, 0, 19894, 0, 0]
[1531977478399795, 0, 19758, 0, 0]
[1531977478399797, 0, 19894, 0, 0]
[1531977478399806, 0, 20030, 0, 0]
[1531977478399808, 0, 19894, 0, 0]
[1531977478399810, 0, 20030, 0, 0]
[1531977478399817, 0, 20166, 0, 0]
[1531977478399820, 0, 20030, 0, 0]
[1531977478399822, 0, 20166, 0, 0]
[1531977478399826, 0, 20302, 0, 0]
[1531977478399828, 0, 20166, 0, 0]
[1531977478399833, 0, 20302, 0, 0]
[1531977478399838, 0, 20438, 0, 0]
[1531977478399840, 0, 20302, 0, 0]
[1531977478399842, 0, 20438, 0, 0]
[1531977478399850, 0, 20574, 0, 0]
[1531977478399852, 0, 20438, 0, 0]
[1531977478399854, 0, 20574, 0, 0]
[1531977478399862, 0, 20710, 0, 0]
[1531977478399864, 0, 20574, 0, 0]
[1531977478399866, 0, 20710, 0, 0]
[1531977478399871, 0, 20846, 0, 0]
[1531977478399876, 0, 20710, 0, 0]
[1531977478399878, 0, 20846, 0, 0]
[1531977478399883, 0, 20982, 0, 0]
[1531977478399885, 0, 20846, 0, 0]
[1531977478399889, 0, 20982, 0, 0]
[1531977478399894, 0, 21118, 0, 0]
[1531977478399896, 0, 20982, 0, 0]
[1531977478399899, 0, 21118, 0, 0]
[1531977478399906, 0, 21254, 0, 0]
[1531977478399908, 0, 21118, 0, 0]
[1531977478399953, 0, 21254, 0, 0]
[1531977478399959, 0, 21390, 0, 0]
[1531977478399962, 0, 21254, 0, 0]
[1531977478399965, 0, 21390, 0, 0]
[1531977478399972, 0, 21526, 0, 0]
[1531977478399974, 0, 21390, 0, 0]
[1531977478399977, 0, 21526, 0, 0]
[1531977478399985, 0, 21662, 0, 0]
[1531977478399987, 0, 21526, 0, 0]
[1531977478399989, 0, 21662, 0, 0]
[1531977478399997, 0, 21798, 0, 0]
[1531977478399999, 0, 21662, 0, 0]
[1531977478400002, 0, 21798, 0, 0]
[1531977478400008, 0, 21934, 0, 0]
[1531977478400011, 0, 21798, 0, 0]
[1531977478400013, 0, 21934, 0, 0]
[1531977478400018, 0, 22070, 0, 0]
[1531977478400023, 0, 21934, 0, 0]
[1531977478400025, 0, 22070, 0, 0]
[1531977478400031, 0, 22206, 0, 0]
[1531977478400040, 0, 22070, 0, 0]
[1531977478400042, 0, 22206, 0, 0]
[1531977478400047, 0, 22342, 0, 0]
[1531977478400052, 0, 22206, 0, 0]
[1531977478400055, 0, 22342, 0, 0]
[1531977478400060, 0, 22478, 0, 0]
[1531977478400062, 0, 22342, 0, 0]
[1531977478400066, 0, 22478, 0, 0]
[1531977478400071, 0, 22614, 0, 0]
[1531977478400073, 0, 22478, 0, 0]
[1531977478400075, 0, 22614, 0, 0]
[1531977478400082, 0, 22750, 0, 0]
[1531977478400084, 0, 22614, 0, 0]
[1531977478400087, 0, 22750, 0, 0]
[1531977478400093, 0, 22886, 0, 0]
[1531977478400095, 0, 22750, 0, 0]
[1531977478400098, 0, 22886, 0, 0]
[1531977478400102, 0, 23022, 0, 0]
[1531977478400107, 0, 22886, 0, 0]
[1531977478400109, 0, 23022, 0, 0]
[1531977478400113, 0, 23158, 0, 0]
[1531977478400118, 0, 23022, 0, 0]
[1531977478400120, 0, 23158, 0, 0]
[1531977478400129, 0, 23294, 0, 0]
[1531977478400132, 0, 23158, 0, 0]
[1531977478400134, 0, 23294, 0, 0]
[1531977478400138, 0, 23430, 0, 0]
[1531977478400143, 0, 23294, 0, 0]
[1531977478400146, 0, 23430, 0, 0]
[1531977478400151, 0, 23566, 0, 0]
[1531977478400156, 0, 23430, 0, 0]
[1531977478400158, 0, 23566, 0, 0]
[1531977478400162, 0, 23702, 0, 0]
[1531977478400165, 0, 23566, 0, 0]
[1531977478400169, 0, 23702, 0, 0]
[1531977478400174, 0, 23838, 0, 0]
[1531977478400176, 0, 23702, 0, 0]
[1531977478400181, 0, 23838, 0, 0]
[1531977478400186, 0, 23974, 0, 0]
[1531977478400188, 0, 23838, 0, 0]
[1531977478400190, 0, 23974, 0, 0]
[1531977478400197, 0, 24110, 0, 0]
[1531977478400199, 0, 23974, 0, 0]
[1531977478400202, 0, 24110, 0, 0]
[1531977478400209, 0, 24246, 0, 0]
[1531977478400211, 0, 24110, 0, 0]
[1531977478400213, 0, 24246, 0, 0]
[1531977478400217, 0, 24382, 0, 0]
[1531977478400222, 0, 24246, 0, 0]
[1531977478400225, 0, 24382, 0, 0]
[1531977478400230, 0, 24518, 0, 0]
[1531977478400232, 0, 24382, 0, 0]
[1531977478400237, 0, 24518, 0, 0]
[1531977478400241, 0, 24654, 0, 0]
[1531977478400243, 0, 24518, 0, 0]
[1531977478400246, 0, 24654, 0, 0]
[1531977478400253, 0, 24790, 0, 0]
[1531977478400254, 0, 24654, 0, 0]
[1531977478400257, 0, 24790, 0, 0]
[1531977478400264, 0, 24926, 0, 0]
[1531977478400266, 0, 24790, 0, 0]
[1531977478400269, 0, 24926, 0, 0]
[1531977478400275, 0, 25062, 0, 0]
[1531977478400278, 0, 24926, 0, 0]
[1531977478400280, 0, 25062, 0, 0]
[1531977478400285, 0, 25198, 0, 0]
[1531977478400289, 0, 25062, 0, 0]
[1531977478400291, 0, 25198, 0, 0]
[1531977478400295, 0, 25334, 0, 0]
[1531977478400298, 0, 25198, 0, 0]
[1531977478400302, 0, 25334, 0, 0]
[1531977478400311, 0, 25470, 0, 0]
[1531977478400314, 0, 25334, 0, 0]
[1531977478400317, 0, 25470, 0, 0]
[1531977478400321, 0, 25606, 0, 0]
[1531977478400329, 0, 25470, 0, 0]
[1531977478400332, 0, 25606, 0, 0]
[1531977478400337, 0, 25742, 0, 0]
[1531977478400339, 0, 25606, 0, 0]
[1531977478400342, 0, 25742, 0, 0]
[1531977478400348, 0, 25878, 0, 0]
[1531977478400351, 0, 25742, 0, 0]
[1531977478400353, 0, 25878, 0, 0]
[1531977478400360, 0, 26014, 0, 0]
[1531977478400363, 0, 25878, 0, 0]
[1531977478400365, 0, 26014, 0, 0]
[1531977478400370, 0, 26150, 0, 0]
[1531977478400375, 0, 26014, 0, 0]
[1531977478400377, 0, 26150, 0, 0]
[1531977478400381, 0, 26286, 0, 0]
[1531977478400383, 0, 26150, 0, 0]
[1531977478400388, 0, 26286, 0, 0]
[1531977478400393, 0, 26422, 0, 0]
[1531977478400395, 0, 26286, 0, 0]
[1531977478400398, 0, 26422, 0, 0]
[1531977478400405, 0, 26558, 0, 0]
[1531977478400407, 0, 26422, 0, 0]
[1531977478400409, 0, 26558, 0, 0]
[1531977478400416, 0, 26694, 0, 0]
[1531977478400418, 0, 26558, 0, 0]
[1531977478400421, 0, 26694, 0, 0]
[1531977478400428, 0, 26830, 0, 0]
[1531977478400430, 0, 26694, 0, 0]
[1531977478400432, 0, 26830, 0, 0]
[1531977478400437, 0, 26966, 0, 0]
[1531977478400445, 0, 26830, 0, 0]
[1531977478400448, 0, 26966, 0, 0]
[1531977478400452, 0, 27102, 0, 0]
[1531977478400454, 0, 26966, 0, 0]
[1531977478400459, 0, 27102, 0, 0]
[1531977478400464, 0, 27238, 0, 0]
[1531977478400466, 0, 27102, 0, 0]
[1531977478400468, 0, 27238, 0, 0]
[1531977478400476, 0, 27374, 0, 0]
[1531977478400478, 0, 27238, 0, 0]
[1531977478400480, 0, 27374, 0, 0]
[1531977478400488, 0, 27510, 0, 0]
[1531977478400490, 0, 27374, 0, 0]
[1531977478400492, 0, 0, 0, 81707989]
[1531977478400500, 0, 0, 0, 82232277]
[1531977478400503, 0, 0, 0, 81707989]
[1531977478400506, 0, 27510, 0, 0]
[1531977478400511, 0, 27646, 0, 0]
[1531977478400516, 0, 27510, 0, 0]
[1531977478400519, 0, 27646, 0, 0]
[1531977478400523, 0, 27782, 0, 0]
[1531977478400525, 0, 27646, 0, 0]
[1531977478400530, 0, 27782, 0, 0]
[1531977478400535, 0, 27918, 0, 0]
[1531977478400537, 0, 27782, 0, 0]
[1531977478400539, 0, 27918, 0, 0]
[1531977478400546, 0, 28054, 0, 0]
[1531977478400548, 0, 27918, 0, 0]
[1531977478400556, 0, 28054, 0, 0]
[1531977478400560, 0, 0, 0, 81707993]
[1531977478400563, 0, 0, 0, 81707989]
[1531977478400565, 0, 28190, 0, 0]
[1531977478400603, 0, 0, 0, 81707993]
[1531977478400605, 0, 0, 0, 81707989]
[1531977478400610, 0, 0, 0, 81710037]
[1531977478400613, 0, 0, 0, 81707989]
[1531977478400616, 0, 0, 0, 82232277]
[1531977478400621, 0, 0, 0, 82756565]
[1531977478400626, 0, 0, 0, 82232277]
[1531977478400628, 0, 0, 0, 82234325]
[1531977478400631, 0, 0, 0, 82232277]
[1531977478400633, 0, 0, 0, 82756565]
[1531977478400641, 0, 0, 0, 83280853]
[1531977478400644, 0, 0, 0, 82756565]
[1531977478400646, 0, 0, 0, 82758613]
[1531977478400648, 0, 0, 0, 82756565]
[1531977478400651, 0, 0, 0, 83280853]
[1531977478400658, 0, 0, 0, 83805141]
[1531977478400660, 0, 0, 0, 83280853]
[1531977478400662, 0, 0, 0, 83282901]
[1531977478400667, 0, 0, 0, 83280853]
[1531977478400670, 0, 0, 0, 83280857]
[1531977478400673, 0, 28189, 0, 83280853]
[1531977478400674, 0, 0, 0, 83280849]
[1531977478400675, 0, 0, 0, 83330001]
[1531977478400704, 0, 0, 18729684, 64617041]
[1531977478400738, 0, 28193, 0, 64617045]
[1531977478400743, 0, 0, 0, 64617041]
[1531977478400744, 0, 28189, 0, 0]
[1531977478400769, 0, 28201, 0, 0]
[1531977478400783, 0, 0, 0, 64666193]
[1531977478400856, 0, 0, 0, 64666197]
[1531977478400859, 0, 28200, 0, 64666193]
[1531977478400860, 0, 0, 0, 64666189]
[1531977478400866, 0, 28204, 0, 0]
[1531977478400876, 0, 28208, 0, 0]
[1531977478400879, 0, 28196, 0, 0]
[1531977478400885, 0, 28208, 0, 0]
[1531977478400922, 0, 28212, 0, 64666193]
[1531977478400937, 0, 28208, 0, 0]
[1531977478400939, 0, 28220, 0, 0]
[1531977478400945, 0, 28356, 0, 64666197]
[1531977478400965, 0, 28360, 0, 0]
[1531977478400973, 0, 28364, 0, 0]
[1531977478400987, 0, 0, 18729688, 0]
[1531977478400991, 0, 28368, 0, 0]
[1531977478401002, 0, 28372, 0, 0]
[1531977478401005, 0, 28360, 18729684, 0]
[1531977478401077, 0, 0, 0, 64666201]
[1531977478401092, 2144, 0, 0, 0]
[1531977478401105, 2112, 0, 0, 0]
[1531977478401131, 0, 0, 0, 64617045]
[1531977478401135, 0, 28496, 0, 0]
[1531977478401149, 0, 28632, 0, 0]
[1531977478401173, 0, 28640, 0, 0]
[1531977478401182, 0, 28636, 0, 0]
[1531977478401185, 0, 28640, 0, 0]
[1531977478401188, 0, 28636, 18729680, 0]
[1531977478401209, 0, 28648, 0, 0]
[1531977478401216, 0, 28784, 0, 64617049]
[1531977478401231, 0, 28788, 0, 0]
[1531977478401236, 0, 28792, 0, 0]
[1531977478401244, 0, 0, 18729684, 0]
[1531977478401248, 0, 0, 0, 64617053]
[1531977478401253, 0, 0, 0, 64617057]
[1531977478401258, 0, 0, 0, 64617053]
[1531977478401268, 0, 0, 0, 64633437]
[1531977478401297, 0, 28784, 0, 0]
[1531977478401317, 0, 0, 18729685, 0]
[1531977478401324, 0, 0, 0, 64633441]
[1531977478401385, 0, 0, 0, 64584285]
[1531977478401403, 0, 28920, 0, 0]
[1531977478401410, 0, 29056, 0, 0]
[1531977478401424, 0, 29064, 0, 0]
[1531977478401430, 0, 29060, 18729681, 0]
[1531977478401434, 0, 29064, 0, 0]
[1531977478401439, 0, 29060, 18729677, 0]
[1531977478401441, 0, 0, 0, 64600669]
[1531977478401444, 0, 0, 0, 64584285]
[1531977478401479, 0, 0, 0, 64584289]
[1531977478401485, 0, 0, 0, 64584293]
[1531977478401488, 0, 0, 0, 64584289]
[1531977478401515, 0, 0, 0, 64600673]
[1531977478401551, 0, 29052, 0, 64600669]
[1531977478401569, 0, 0, 18729678, 0]
[1531977478401574, 0, 0, 0, 64600670]
[1531977478401582, 0, 0, 18729677, 0]
[1531977478401593, 0, 0, 0, 64617054]
[1531977478401600, 0, 0, 0, 64600670]
[1531977478401693, 0, 0, 0, 64600671]
[1531977478401700, 0, 0, 18729676, 0]
[1531977478401759, 2080, 29048, 0, 64600670]
[1531977478401839, 2208, 0, 0, 0]
[1531977478401843, 0, 29052, 0, 0]
[1531977478401851, 2336, 0, 0, 0]
[1531977478401854, 2208, 0, 0, 0]
[1531977478401868, 0, 29056, 0, 0]
[1531977478401871, 0, 29052, 0, 0]
[1531977478401874, 0, 29056, 0, 0]
[1531977478401876, 0, 29048, 0, 0]
[1531977478401878, 0, 29052, 0, 0]
[1531977478401886, 0, 29048, 0, 0]
[1531977478401952, 2144, 29040, 0, 64600669]
[1531977478401983, 0, 0, 18729680, 0]
[1531977478401988, 0, 0, 18729676, 0]
[1531977478401991, 2152, 0, 0, 0]
[1531977478401998, 2160, 0, 0, 0]
[1531977478402004, 2016, 0, 0, 0]
[1531977478402005, 2008, 0, 0, 0]
[1531977478402017, 2136, 0, 0, 0]
[1531977478402023, 2008, 0, 0, 0]
[1531977478402026, 2136, 0, 0, 0]
[1531977478402030, 0, 29044, 0, 0]
[1531977478402035, 2008, 0, 0, 0]
[1531977478402039, 18392, 0, 0, 0]
[1531977478402041, 0, 29048, 0, 0]
[1531977478402043, 0, 29044, 18729672, 0]
[1531977478402046, 0, 29048, 0, 0]
[1531977478402047, 0, 29040, 0, 0]
[1531977478402049, 0, 29044, 0, 0]
[1531977478402058, 0, 29040, 0, 0]
[1531977478402212, 18396, 0, 0, 0]
[1531977478402218, 18392, 0, 0, 0]
[1531977478402240, 0, 29048, 0, 0]
[1531977478402248, 0, 29056, 0, 0]
[1531977478402299, 0, 29060, 0, 0]
[1531977478402305, 0, 29064, 0, 0]
[1531977478402312, 0, 29060, 0, 0]
[1531977478402325, 0, 0, 0, 64617053]
[1531977478402359, 0, 29052, 0, 0]
[1531977478402363, 0, 0, 18729676, 0]
[1531977478402371, 0, 0, 0, 64617057]
[1531977478402376, 0, 0, 18729680, 0]
[1531977478402382, 0, 0, 0, 64617061]
[1531977478402409, 0, 0, 18729684, 0]
[1531977478402425, 0, 0, 0, 64617065]
[1531977478402431, 0, 0, 0, 64633449]
[1531977478402434, 0, 0, 0, 64617065]
[1531977478402437, 0, 29056, 0, 0]
[1531977478402472, 0, 0, 0, 64633449]
[1531977478402499, 18396, 0, 0, 0]
[1531977478402505, 0, 0, 18729688, 64649833]
[1531977478402507, 0, 0, 0, 64633449]
[1531977478402510, 18392, 29060, 0, 0]
[1531977478402513, 0, 29056, 0, 0]
[1531977478402515, 0, 29064, 0, 0]
[1531977478402524, 0, 0, 0, 64649833]
[1531977478402526, 0, 0, 18729720, 0]
[1531977478402534, 18264, 0, 0, 0]
[1531977478402562, 0, 0, 0, 64633449]
[1531977478402566, 0, 29072, 0, 0]
[1531977478402573, 0, 29068, 18729716, 0]
[1531977478402574, 0, 29064, 0, 0]
[1531977478402576, 0, 0, 0, 64649833]
[1531977478402595, 0, 0, 0, 64633449]
[1531977478402599, 0, 0, 18729720, 0]
[1531977478402604, 0, 29072, 0, 0]
[1531977478402612, 0, 0, 0, 64649833]
[1531977478402987, 0, 0, 0, 64649865]
[1531977478402989, 0, 0, 0, 64649866]
[1531977478403034, 0, 0, 18729716, 0]
[1531977478403073, 0, 0, 18729684, 0]
[1531977478403077, 0, 0, 0, 64649898]
[1531977478403081, 0, 0, 0, 64649866]
[1531977478403084, 0, 29076, 0, 64649898]
[1531977478403094, 0, 0, 0, 64649834]
[1531977478403095, 0, 29072, 0, 0]
[1531977478403104, 0, 0, 0, 64649835]
[1531977478403133, 0, 0, 18729680, 0]
[1531977478403136, 0, 0, 0, 64649836]
[1531977478403206, 0, 0, 0, 64649840]
[1531977478403211, 0, 0, 0, 64649836]
[1531977478403212, 0, 0, 0, 64649832]
[1531977478403215, 0, 0, 0, 64649831]
[1531977478403273, 0, 0, 18729681, 0]
[1531977478403279, 0, 0, 0, 64649830]
[1531977478403302, 0, 29076, 0, 0]
[1531977478403303, 0, 0, 18729685, 0]
[1531977478403305, 0, 29072, 0, 0]
[1531977478403306, 0, 29068, 0, 0]
[1531977478403308, 18400, 0, 18746069, 0]
[1531977478403310, 0, 0, 18746065, 0]
[1531977478403311, 18536, 0, 18746061, 0]
[1531977478403312, 0, 0, 18729677, 0]
[1531977478403313, 18400, 0, 0, 0]
[1531977478403314, 18264, 0, 0, 0]
[1531977478403318, 18128, 0, 0, 0]
[1531977478403319, 17992, 0, 0, 0]
[1531977478403427, 0, 0, 18729709, 0]
[1531977478403433, 0, 0, 0, 64649798]
[1531977478403434, 0, 0, 18729677, 0]
[1531977478403882, 0, 29072, 0, 64666182]
[1531977478403913, 1608, 0, 18713293, 0]
[1531977478403914, 0, 29068, 0, 0]
[1531977478403916, 0, 0, 0, 64682566]
[1531977478403919, 0, 0, 0, 64666182]
[1531977478403921, 0, 29072, 0, 64682566]
[1531977478403925, 0, 0, 0, 64649798]
[1531977478403926, 0, 29068, 0, 0]
[1531977478403928, 0, 0, 0, 64666182]
[1531977478403930, 0, 0, 0, 64649798]
[1531977478403933, 0, 0, 0, 64666182]
[1531977478403968, 0, 0, 0, 64649798]
[1531977478403971, 0, 0, 0, 64666182]
[1531977478403989, 0, 0, 0, 64649798]
[1531977478403992, 0, 0, 0, 64666182]
[1531977478403996, 0, 0, 0, 64649798]
[1531977478404993, 0, 0, 0, 64666182]
[1531977478404999, 0, 28932, 0, 64666178]
[1531977478405002, 0, 0, 18713325, 0]
[1531977478405007, 1480, 0, 0, 0]
[1531977478405014, 0, 28936, 0, 0]
[1531977478405019, 0, 28944, 0, 0]
[1531977478405026, 0, 28952, 0, 0]
[1531977478405033, 0, 28960, 0, 0]
[1531977478405053, 0, 0, 0, 64666182]
[1531977478405058, 0, 0, 18713329, 0]
[1531977478405070, 0, 0, 0, 64666186]
[1531977478405078, 0, 0, 18713333, 0]
[1531977478405087, 0, 0, 0, 64666190]
[1531977478405090, 0, 0, 0, 64682574]
[1531977478405127, 0, 28952, 0, 0]
[1531977478405130, 0, 0, 0, 64698958]
[1531977478405149, 0, 0, 0, 64698954]
[1531977478405152, 0, 28956, 0, 0]
[1531977478405156, 0, 0, 18713329, 0]
[1531977478405168, 0, 28960, 0, 0]
[1531977478405174, 0, 28964, 0, 0]
[1531977478405175, 0, 28960, 0, 0]
[1531977478405177, 0, 0, 0, 64715338]
[1531977478405181, 0, 0, 0, 64698954]
[1531977478405183, 0, 28968, 0, 0]
[1531977478405198, 0, 28976, 0, 0]
[1531977478405205, 0, 28832, 0, 0]
[1531977478405206, 0, 28824, 0, 0]
[1531977478405208, 0, 0, 0, 64715338]
[1531977478405210, 0, 28688, 0, 0]
[1531977478405211, 0, 0, 0, 64698954]
[1531977478405215, 0, 0, 0, 64715338]
[1531977478405217, 0, 28552, 0, 64698954]
[1531977478405218, 0, 0, 0, 64682570]
[1531977478405219, 0, 0, 18713361, 0]
[1531977478405221, 0, 28416, 0, 0]
[1531977478405222, 0, 0, 18713329, 0]
[1531977478405226, 0, 28420, 0, 0]
[1531977478405227, 0, 28284, 0, 0]
[1531977478405228, 0, 28280, 0, 0]
[1531977478405230, 0, 0, 0, 64698954]
[1531977478405232, 0, 28144, 0, 0]
[1531977478405233, 0, 0, 0, 64682570]
[1531977478405234, 0, 0, 0, 64698954]
[1531977478405239, 0, 28008, 0, 0]
[1531977478405240, 0, 0, 0, 64682570]
[1531977478405241, 0, 28016, 0, 0]
[1531977478405243, 0, 27872, 0, 0]
[1531977478405244, 0, 27864, 0, 0]
[1531977478405245, 0, 27868, 0, 0]
[1531977478405262, 0, 27864, 0, 0]
[1531977478405264, 0, 27868, 0, 0]
[1531977478405266, 0, 27864, 0, 0]
[1531977478405271, 0, 0, 0, 64698954]
[1531977478405272, 0, 0, 0, 64682570]
[1531977478405274, 0, 27872, 0, 0]
[1531977478405277, 0, 27728, 0, 0]
[1531977478405278, 0, 27720, 0, 0]
[1531977478405281, 0, 27728, 0, 0]
[1531977478405285, 0, 27724, 18713325, 0]
[1531977478405286, 0, 27720, 0, 0]
[1531977478405287, 0, 27728, 0, 0]
[1531977478405290, 0, 27724, 0, 0]
[1531977478405291, 0, 27720, 0, 0]
[1531977478405295, 0, 0, 0, 64698954]
[1531977478405315, 0, 0, 0, 64682566]
[1531977478405318, 0, 0, 18713326, 0]
[1531977478405322, 0, 27716, 0, 0]
[1531977478405324, 0, 0, 18713327, 0]
[1531977478405330, 0, 27712, 0, 0]
[1531977478405332, 0, 0, 0, 64698950]
[1531977478405372, 0, 0, 0, 64682566]
[1531977478405395, 0, 27720, 0, 0]
[1531977478405401, 0, 0, 0, 64698950]
[1531977478405408, 0, 27584, 0, 0]
[1531977478405409, 0, 0, 0, 64682566]
[1531977478405410, 0, 0, 0, 64698950]
[1531977478405442, 0, 0, 0, 64666182]
[1531977478405444, 0, 27592, 0, 0]
[1531977478405452, 0, 27448, 0, 0]
[1531977478405453, 0, 27440, 0, 0]
[1531977478405454, 0, 0, 0, 64682566]
[1531977478405456, 0, 27304, 0, 0]
[1531977478405457, 0, 0, 0, 64682566]
[1531977478405459, 0, 0, 0, 64715334]
[1531977478405474, 0, 27168, 0, 64715330]
[1531977478405477, 0, 0, 18713359, 0]
[1531977478405482, 1352, 0, 0, 0]
[1531977478405484, 0, 27172, 0, 0]
[1531977478405487, 0, 27180, 0, 0]
[1531977478405492, 0, 27188, 0, 0]
[1531977478405512, 0, 0, 18713363, 0]
[1531977478405516, 0, 0, 0, 64698950]
[1531977478405519, 0, 0, 18713367, 64731718]
[1531977478405523, 0, 27052, 0, 0]
[1531977478405524, 0, 0, 0, 64698950]
[1531977478405526, 0, 0, 0, 64764486]
[1531977478405534, 0, 0, 0, 64764490]
[1531977478405537, 0, 0, 0, 64764494]
[1531977478405540, 0, 0, 0, 64780878]
[1531977478405559, 0, 0, 0, 64223822]
[1531977478405562, 0, 0, 0, 64289358]
[1531977478405574, 0, 27044, 0, 0]
[1531977478405577, 0, 27048, 0, 0]
[1531977478405581, 0, 0, 0, 64221774]
[1531977478405583, 0, 0, 0, 64287310]
[1531977478405584, 0, 27052, 0, 0]
[1531977478405599, 0, 27048, 0, 0]
[1531977478405601, 0, 0, 0, 64303694]
[1531977478405624, 0, 0, 0, 64303690]
[1531977478405627, 0, 0, 0, 64320074]
[1531977478405629, 0, 0, 0, 64303690]
[1531977478405636, 0, 27052, 0, 0]
[1531977478405643, 0, 0, 18713363, 64238154]
[1531977478405646, 0, 27060, 0, 0]
[1531977478405647, 0, 27056, 0, 0]
[1531977478405649, 0, 27060, 0, 0]
[1531977478405651, 0, 27056, 0, 0]
[1531977478405652, 0, 27064, 0, 0]
[1531977478405656, 0, 0, 0, 64254538]
[1531977478405660, 0, 0, 0, 64270922]
[1531977478405661, 0, 0, 0, 64254538]
[1531977478405663, 0, 27072, 0, 0]
[1531977478405666, 0, 27068, 18713359, 0]
[1531977478405667, 0, 27064, 0, 0]
[1531977478405668, 0, 27072, 0, 0]
[1531977478405672, 0, 0, 0, 64238150]
[1531977478405673, 0, 27068, 0, 0]
[1531977478405674, 0, 27064, 0, 0]
[1531977478405675, 0, 0, 0, 64270918]
[1531977478405689, 0, 0, 0, 64254534]
[1531977478405693, 0, 0, 0, 64270918]
[1531977478405730, 0, 0, 0, 64254530]
[1531977478405733, 0, 0, 18713360, 0]
[1531977478405743, 0, 27060, 0, 0]
[1531977478405745, 0, 0, 18713361, 0]
[1531977478405747, 0, 27056, 0, 0]
[1531977478405749, 0, 0, 0, 64270914]
[1531977478405766, 0, 0, 0, 64254531]
[1531977478405769, 0, 0, 0, 64270915]
[1531977478405789, 0, 0, 18713359, 0]
[1531977478405810, 0, 0, 0, 64254531]
[1531977478405824, 0, 0, 0, 64238147]
[1531977478405827, 0, 27064, 0, 0]
[1531977478405832, 0, 27072, 0, 0]
[1531977478405838, 0, 26928, 0, 0]
[1531977478405839, 0, 26920, 0, 0]
[1531977478405841, 0, 0, 0, 64254531]
[1531977478405844, 0, 0, 0, 64270915]
[1531977478405891, 0, 0, 0, 64254531]
[1531977478405894, 0, 26928, 0, 0]
[1531977478405904, 0, 0, 0, 64270915]
[1531977478405908, 0, 26792, 0, 0]
[1531977478405909, 0, 0, 0, 64254531]
[1531977478405912, 0, 0, 0, 64270915]
[1531977478405934, 0, 0, 0, 64254531]
[1531977478405937, 0, 26800, 0, 0]
[1531977478405943, 0, 0, 0, 64270915]
[1531977478405949, 0, 26664, 0, 64254531]
[1531977478405950, 0, 0, 0, 64238147]
[1531977478405952, 0, 26672, 0, 0]
[1531977478405956, 0, 0, 0, 64254531]
[1531977478405961, 0, 26536, 0, 0]
[1531977478405962, 0, 0, 0, 64238147]
[1531977478405963, 0, 26544, 0, 0]
[1531977478405967, 0, 0, 0, 64254531]
[1531977478405972, 0, 26408, 0, 0]
[1531977478405973, 0, 0, 0, 64238147]
[1531977478405974, 0, 0, 0, 64254531]
[1531977478405981, 0, 0, 18713360, 0]
[1531977478405986, 0, 0, 0, 64254530]
[1531977478405989, 0, 26412, 0, 0]
[1531977478405990, 0, 0, 0, 64254531]
[1531977478405993, 0, 26408, 0, 64238147]
[1531977478405994, 0, 26404, 0, 0]
[1531977478405996, 0, 26416, 0, 0]
[1531977478405998, 0, 26412, 0, 0]
[1531977478405999, 0, 26408, 0, 0]
[1531977478406003, 0, 26264, 0, 0]
[1531977478406004, 0, 26256, 0, 0]
[1531977478406006, 0, 26264, 0, 0]
[1531977478406011, 0, 26272, 0, 0]
[1531977478406016, 0, 26128, 0, 0]
[1531977478406017, 0, 26120, 0, 0]
[1531977478406018, 0, 26128, 0, 0]
[1531977478406020, 0, 25984, 0, 0]
[1531977478406021, 0, 25976, 0, 0]
[1531977478406025, 0, 25984, 0, 0]
[1531977478406026, 0, 0, 18713358, 0]
[1531977478406027, 0, 25840, 0, 0]
[1531977478406028, 0, 25832, 0, 0]
[1531977478406042, 0, 25840, 0, 0]
[1531977478406047, 0, 0, 0, 64254531]
[1531977478406075, 0, 0, 0, 64221763]
[1531977478406078, 0, 25848, 0, 0]
[1531977478406081, 0, 25704, 0, 0]
[1531977478406082, 0, 25696, 0, 0]
[1531977478406086, 0, 25704, 0, 0]
[1531977478406088, 0, 25560, 0, 0]
[1531977478406089, 0, 25552, 0, 0]
[1531977478406090, 0, 0, 0, 64238147]
[1531977478406127, 0, 0, 0, 64254531]
[1531977478406128, 0, 0, 18713359, 0]
[1531977478406134, 0, 0, 0, 64254530]
[1531977478406137, 0, 25556, 0, 0]
[1531977478406140, 0, 25552, 0, 0]
[1531977478406141, 0, 25548, 0, 0]
[1531977478406142, 0, 25552, 0, 0]
[1531977478406144, 0, 25548, 0, 0]
[1531977478406145, 0, 25544, 0, 0]
[1531977478406147, 0, 0, 0, 64238146]
[1531977478406150, 0, 0, 0, 64254530]
[1531977478406152, 0, 0, 0, 64238146]
[1531977478406155, 0, 25552, 0, 0]
[1531977478406164, 0, 0, 0, 64254530]
[1531977478406168, 0, 25416, 0, 0]
[1531977478406169, 0, 0, 0, 64238146]
[1531977478406171, 0, 0, 0, 64254530]
[1531977478406205, 0, 0, 0, 64221762]
[1531977478406213, 0, 25420, 0, 64238146]
[1531977478406230, 0, 0, 0, 64221762]
[1531977478406231, 0, 25416, 0, 0]
[1531977478406238, 0, 25424, 0, 0]
[1531977478406250, 0, 25428, 0, 0]
[1531977478406253, 0, 25436, 0, 0]
[1531977478406254, 0, 25292, 18713355, 0]
[1531977478406255, 0, 25284, 0, 0]
[1531977478406256, 0, 25292, 0, 0]
[1531977478406260, 0, 25296, 0, 64238146]
[1531977478406261, 0, 25152, 0, 0]
[1531977478406262, 0, 25144, 0, 0]
[1531977478406263, 0, 0, 0, 64254530]
[1531977478406267, 0, 25008, 0, 64238146]
[1531977478406268, 0, 25012, 0, 64221762]
[1531977478406269, 0, 0, 18713387, 0]
[1531977478406271, 0, 24868, 0, 0]
[1531977478406272, 0, 24724, 0, 0]
[1531977478406273, 0, 0, 18713355, 0]
[1531977478406277, 0, 24732, 0, 0]
[1531977478406282, 0, 24736, 0, 0]
[1531977478406283, 0, 24732, 18713351, 0]
[1531977478406284, 0, 24728, 0, 0]
[1531977478406285, 0, 24592, 0, 0]
[1531977478406286, 0, 24592, 0, 0]
[1531977478406288, 0, 24596, 0, 64254530]
[1531977478406290, 0, 24600, 0, 0]
[1531977478406293, 0, 24596, 0, 0]
[1531977478406296, 0, 24600, 0, 0]
[1531977478406297, 0, 0, 18713319, 64238146]
[1531977478406299, 0, 24456, 0, 0]
[1531977478406300, 0, 24448, 0, 0]
[1531977478406301, 0, 24444, 0, 64254530]
[1531977478406305, 0, 0, 0, 64270914]
[1531977478406307, 0, 0, 0, 64254530]
[1531977478406309, 0, 24308, 0, 64238146]
[1531977478406310, 0, 0, 0, 64221762]
[1531977478406312, 0, 0, 0, 64238146]
[1531977478406314, 0, 0, 0, 64254530]
[1531977478406315, 0, 24172, 0, 0]
[1531977478406316, 0, 0, 0, 64238146]
[1531977478406318, 0, 0, 0, 64221762]
[1531977478406319, 0, 0, 0, 64205378]
[1531977478406320, 0, 0, 0, 64221762]
[1531977478406321, 0, 24180, 0, 0]
[1531977478406322, 0, 0, 0, 64221762]
[1531977478406324, 0, 24040, 0, 64238146]
[1531977478406325, 0, 24032, 0, 0]
[1531977478406326, 0, 0, 0, 64254530]
[1531977478406327, 0, 23896, 0, 0]
[1531977478406328, 0, 0, 0, 64238146]
[1531977478406329, 0, 23760, 0, 64221762]
[1531977478406330, 0, 0, 0, 64205378]
[1531977478406333, 0, 0, 0, 64172610]
[1531977478406334, 0, 23756, 0, 64205378]
[1531977478406335, 0, 0, 0, 64221762]
[1531977478406337, 0, 23620, 0, 0]
[1531977478406338, 0, 0, 0, 64188994]
[1531977478406339, 0, 0, 0, 64238146]
[1531977478406341, 0, 0, 0, 64254530]
[1531977478406342, 0, 0, 0, 64270914]
[1531977478406347, 0, 23484, 0, 0]
[1531977478406348, 0, 0, 0, 64254530]
[1531977478406362, 0, 0, 0, 63697474]
[1531977478406365, 0, 0, 0, 63763010]
[1531977478406394, 0, 0, 18713318, 63746626]
[1531977478406405, 0, 0, 0, 63763010]
[1531977478406408, 0, 0, 0, 63695426]
[1531977478406411, 0, 0, 0, 63760962]
[1531977478406439, 0, 0, 0, 63744578]
[1531977478406445, 0, 0, 18713314, 63679042]
[1531977478406449, 0, 23492, 0, 0]
[1531977478406450, 0, 0, 0, 63695426]
[1531977478406453, 0, 0, 0, 63679042]
[1531977478406456, 0, 0, 0, 63695426]
[1531977478406471, 0, 0, 0, 63679038]
[1531977478406480, 0, 0, 0, 63695422]
[1531977478406493, 0, 0, 0, 63679038]
[1531977478406496, 0, 0, 0, 63695422]
[1531977478406507, 0, 0, 0, 63679038]
[1531977478406509, 0, 0, 0, 63695422]
[1531977478406527, 0, 0, 0, 63679038]
[1531977478406529, 0, 23500, 0, 0]
[1531977478406532, 0, 23356, 0, 0]
[1531977478406533, 0, 23348, 0, 0]
[1531977478406539, 0, 0, 0, 63695422]
[1531977478406551, 0, 0, 0, 63679038]
[1531977478406553, 0, 23356, 0, 0]
[1531977478406559, 0, 0, 0, 63695422]
[1531977478406565, 0, 23220, 0, 0]
[1531977478406566, 0, 0, 0, 63679038]
[1531977478406567, 0, 0, 0, 63695422]
[1531977478406590, 0, 0, 0, 63679038]
[1531977478406593, 0, 23228, 0, 0]
[1531977478406602, 0, 0, 0, 63695422]
[1531977478406605, 0, 23092, 0, 63679038]
[1531977478406606, 0, 0, 0, 63662654]
[1531977478406617, 0, 23100, 0, 0]
[1531977478406623, 0, 0, 0, 63679038]
[1531977478406625, 0, 22964, 0, 0]
[1531977478406626, 0, 0, 0, 63662654]
[1531977478406630, 0, 22972, 0, 0]
[1531977478406635, 0, 0, 0, 63679038]
[1531977478406643, 0, 22836, 0, 0]
[1531977478406644, 0, 0, 0, 63662654]
[1531977478406648, 0, 0, 0, 63679038]
[1531977478406667, 0, 0, 0, 63662654]
[1531977478406670, 0, 22844, 0, 0]
[1531977478406672, 0, 22700, 0, 0]
[1531977478406673, 0, 22692, 0, 0]
[1531977478406675, 0, 22700, 0, 0]
[1531977478406686, 0, 22708, 0, 0]
[1531977478406689, 0, 22564, 0, 0]
[1531977478406690, 0, 22556, 0, 0]
[1531977478406691, 0, 22564, 0, 0]
[1531977478406695, 0, 22420, 0, 0]
[1531977478406696, 0, 22412, 0, 0]
[1531977478406698, 0, 22420, 0, 0]
[1531977478406699, 0, 22276, 0, 0]
[1531977478406700, 0, 22268, 0, 0]
[1531977478406701, 0, 22276, 0, 0]
[1531977478406709, 0, 0, 0, 63679038]
[1531977478406725, 0, 0, 0, 63646270]
[1531977478406728, 0, 22284, 0, 0]
[1531977478406734, 0, 22140, 0, 0]
[1531977478406735, 0, 22132, 0, 0]
[1531977478406736, 0, 22140, 0, 0]
[1531977478406738, 0, 21996, 0, 0]
[1531977478406739, 0, 21988, 0, 0]
[1531977478406741, 0, 0, 0, 63662654]
[1531977478406779, 0, 0, 0, 63679038]
[1531977478406792, 0, 0, 0, 63662654]
[1531977478406795, 0, 0, 0, 63679038]
[1531977478406796, 0, 0, 0, 63662654]
[1531977478406799, 0, 21996, 0, 0]
[1531977478406807, 0, 0, 0, 63679038]
[1531977478406810, 0, 21860, 0, 0]
[1531977478406811, 0, 0, 0, 63662654]
[1531977478406815, 0, 0, 0, 63679038]
[1531977478406830, 0, 0, 0, 63646270]
[1531977478406832, 0, 21864, 0, 63662654]
[1531977478406837, 0, 0, 0, 63646270]
[1531977478406838, 0, 21860, 0, 0]
[1531977478406839, 0, 21868, 0, 0]
[1531977478406844, 0, 21724, 0, 0]
[1531977478406845, 0, 21716, 0, 0]
[1531977478406848, 0, 21720, 0, 0]
[1531977478406849, 0, 0, 0, 63662654]
[1531977478406852, 0, 21716, 0, 0]
[1531977478406858, 0, 21724, 0, 0]
[1531977478406862, 0, 21720, 18713310, 0]
[1531977478406863, 0, 21716, 0, 0]
[1531977478406864, 0, 21720, 0, 0]
[1531977478406865, 0, 21716, 0, 0]
[1531977478406868, 0, 21720, 0, 0]
[1531977478406870, 0, 21716, 0, 0]
[1531977478406873, 0, 0, 18713278, 63646270]
[1531977478406875, 0, 21720, 0, 0]
[1531977478406879, 0, 0, 0, 63662654]
[1531977478406880, 0, 21716, 0, 0]
[1531977478406885, 0, 0, 0, 63646270]
[1531977478406887, 0, 0, 0, 63662654]
[1531977478406889, 0, 0, 0, 63646270]
[1531977478406893, 0, 0, 0, 63662654]
[1531977478406894, 0, 0, 0, 63646270]
[1531977478406896, 0, 21720, 0, 63662654]
[1531977478406901, 0, 0, 0, 63629886]
[1531977478406902, 0, 21716, 0, 0]
[1531977478406904, 0, 0, 0, 63646270]
[1531977478406907, 0, 0, 0, 63629886]
[1531977478406909, 0, 0, 0, 63646270]
[1531977478406912, 0, 0, 18713277, 63629886]
[1531977478406923, 0, 0, 0, 63646270]
[1531977478406935, 0, 0, 0, 63629886]
[1531977478406947, 0, 0, 0, 63646270]
[1531977478406950, 0, 0, 0, 63629886]
[1531977478407253, 0, 21720, 0, 0]
[1531977478407263, 0, 21856, 0, 63629890]
[1531977478407291, 0, 21720, 0, 0]
[1531977478407292, 0, 0, 0, 63629886]
[1531977478407326, 0, 0, 18713281, 0]
[1531977478407329, 0, 0, 18713285, 0]
[1531977478407337, 0, 0, 18713317, 0]
[1531977478407340, 0, 21584, 0, 0]
[1531977478407346, 0, 0, 0, 63646270]
[1531977478407368, 0, 21448, 0, 0]
[1531977478407373, 0, 0, 0, 63662654]
[1531977478407374, 0, 0, 0, 63679038]
[1531977478407379, 0, 21312, 0, 0]
[1531977478407382, 0, 0, 18713321, 63695422]
[1531977478407384, 0, 21176, 0, 0]
[1531977478407402, 0, 21184, 0, 0]
[1531977478407404, 0, 21048, 0, 0]
[1531977478407406, 0, 21056, 0, 0]
[1531977478407410, 0, 20920, 0, 0]
[1531977478407413, 0, 20928, 0, 0]
[1531977478407419, 0, 20792, 0, 0]
[1531977478407421, 0, 0, 0, 63728190]
[1531977478407422, 0, 20800, 0, 0]
[1531977478407431, 0, 20664, 0, 0]
[1531977478407439, 0, 20672, 0, 0]
[1531977478407440, 0, 20664, 0, 0]
[1531977478407446, 0, 20528, 0, 0]
[1531977478407449, 0, 20536, 0, 0]
[1531977478407450, 0, 20400, 0, 0]
[1531977478407454, 0, 0, 0, 63744574]
[1531977478407456, 0, 20264, 0, 0]
[1531977478407461, 0, 0, 0, 63760958]
[1531977478407464, 0, 20128, 0, 0]
[1531977478407466, 0, 20136, 0, 0]
[1531977478407468, 0, 20000, 0, 0]
[1531977478407470, 0, 20008, 0, 0]
[1531977478407475, 0, 19872, 0, 0]
[1531977478407477, 0, 0, 0, 63777342]
[1531977478407479, 0, 19736, 0, 0]
[1531977478407481, 0, 0, 0, 63793726]
[1531977478407486, 0, 19600, 0, 0]
[1531977478407488, 0, 19608, 0, 0]
[1531977478407490, 0, 19472, 0, 0]
[1531977478407492, 0, 19480, 0, 0]
[1531977478407494, 0, 19344, 0, 0]
[1531977478407499, 0, 0, 0, 63810110]
[1531977478407501, 0, 19208, 0, 0]
[1531977478407503, 0, 0, 0, 63826494]
[1531977478407505, 0, 19072, 0, 0]
[1531977478407516, 0, 19088, 0, 0]
[1531977478407517, 0, 19096, 0, 0]
[1531977478407527, 0, 18960, 0, 0]
[1531977478407530, 0, 0, 0, 63842878]
[1531977478407532, 0, 18824, 0, 0]
[1531977478407533, 0, 18832, 0, 63826494]
[1531977478407536, 0, 18840, 0, 0]
[1531977478407544, 0, 0, 0, 63793726]
[1531977478407545, 0, 18704, 0, 0]
[1531977478407548, 0, 18704, 0, 0]
[1531977478407549, 0, 18720, 0, 0]
[1531977478407550, 0, 18584, 0, 0]
[1531977478407553, 0, 0, 0, 63810110]
[1531977478407555, 0, 0, 18713317, 0]
[1531977478407556, 0, 18448, 0, 0]
[1531977478407562, 0, 0, 0, 63826494]
[1531977478407565, 0, 18312, 0, 0]
[1531977478407566, 0, 0, 0, 63810110]
[1531977478407569, 0, 18304, 0, 63810114]
[1531977478407641, 0, 18308, 0, 0]
[1531977478407653, 0, 18304, 0, 0]
[1531977478407655, 0, 0, 18713321, 0]
[1531977478407658, 0, 18312, 0, 0]
[1531977478407682, 0, 18304, 0, 0]
[1531977478407683, 0, 18300, 0, 0]
[1531977478407684, 0, 18301, 0, 0]
[1531977478407689, 0, 0, 18713317, 0]
[1531977478407691, 0, 18302, 0, 0]
[1531977478407692, 0, 18301, 0, 0]
[1531977478407694, 0, 18305, 0, 0]
[1531977478407704, 0, 18301, 0, 0]
[1531977478407705, 0, 18297, 0, 0]
[1531977478407779, 0, 18301, 0, 0]
[1531977478407786, 0, 18437, 0, 63810118]
[1531977478407813, 0, 18301, 0, 0]
[1531977478407814, 0, 0, 0, 63810114]
[1531977478407821, 0, 0, 18713321, 0]
[1531977478407828, 0, 0, 18713325, 0]
[1531977478407830, 0, 0, 18713357, 0]
[1531977478407843, 0, 18165, 0, 0]
[1531977478407848, 0, 0, 0, 63826498]
[1531977478407852, 0, 18029, 0, 0]
[1531977478407855, 0, 0, 0, 63842882]
[1531977478407856, 0, 0, 0, 63859266]
[1531977478407879, 0, 17893, 0, 0]
[1531977478407884, 0, 0, 18713361, 63875650]
[1531977478407887, 0, 17757, 0, 0]
[1531977478407889, 0, 17765, 0, 0]
[1531977478407891, 0, 17629, 0, 0]
[1531977478407901, 0, 17637, 0, 0]
[1531977478407904, 0, 17501, 0, 0]
[1531977478407909, 0, 17509, 0, 0]
[1531977478407910, 0, 17373, 0, 0]
[1531977478407915, 0, 17381, 0, 0]
[1531977478407916, 0, 0, 0, 63908418]
[1531977478407924, 0, 17245, 0, 0]
[1531977478407925, 0, 17237, 0, 0]
[1531977478407926, 0, 17245, 0, 0]
[1531977478407928, 0, 17117, 0, 0]
[1531977478407931, 0, 17125, 0, 0]
[1531977478407933, 0, 16989, 0, 0]
[1531977478407941, 0, 0, 0, 63924802]
[1531977478407948, 0, 16853, 0, 0]
[1531977478407950, 0, 0, 0, 63941186]
[1531977478407953, 0, 16717, 0, 0]
[1531977478407958, 0, 16725, 0, 0]
[1531977478407960, 0, 16589, 0, 0]
[1531977478407962, 0, 16597, 0, 0]
[1531977478407964, 0, 16461, 0, 0]
[1531977478407968, 0, 0, 0, 63957570]
[1531977478407973, 0, 16325, 0, 0]
[1531977478407975, 0, 0, 0, 63973954]
[1531977478407976, 0, 16189, 0, 0]
[1531977478407979, 0, 16197, 0, 0]
[1531977478407981, 0, 16061, 0, 0]
[1531977478407985, 0, 16069, 0, 0]
[1531977478407987, 0, 15933, 0, 0]
[1531977478407992, 0, 0, 0, 63990338]
[1531977478407994, 0, 15797, 0, 0]
[1531977478407996, 0, 0, 0, 64006722]
[1531977478408001, 0, 15661, 0, 0]
[1531977478408005, 0, 15669, 0, 0]
[1531977478408007, 0, 15549, 0, 64039490]
[1531977478408010, 0, 0, 0, 64055874]
[1531977478408012, 0, 15557, 0, 0]
[1531977478408018, 0, 0, 0, 64023106]
[1531977478408022, 0, 15413, 0, 0]
[1531977478408023, 0, 0, 0, 64006722]
[1531977478408026, 0, 15421, 0, 0]
[1531977478408027, 0, 15437, 0, 0]
[1531977478408028, 0, 15301, 0, 0]
[1531977478408030, 0, 15309, 0, 0]
[1531977478408032, 0, 15173, 0, 0]
[1531977478408033, 0, 0, 18713357, 0]
[1531977478408041, 0, 0, 0, 64023106]
[1531977478408042, 0, 0, 0, 64088642]
[1531977478408047, 0, 15165, 0, 0]
[1531977478408048, 0, 15029, 0, 0]
[1531977478408051, 0, 0, 0, 64105026]
[1531977478408053, 0, 14893, 0, 0]
[1531977478408054, 0, 0, 0, 64088642]
[1531977478408063, 0, 0, 0, 64088646]
[1531977478408066, 0, 0, 0, 63564358]
[1531977478408075, 0, 14897, 0, 0]
[1531977478408085, 0, 14893, 0, 0]
[1531977478408088, 0, 0, 18713361, 0]
[1531977478408119, 0, 14901, 0, 0]
[1531977478408124, 0, 0, 0, 63629894]
[1531977478408125, 0, 14893, 0, 0]
[1531977478408126, 0, 14889, 0, 0]
[1531977478408127, 0, 14890, 0, 0]
[1531977478408129, 0, 0, 18713357, 0]
[1531977478408131, 0, 14891, 0, 0]
[1531977478408135, 0, 14890, 0, 0]
[1531977478408137, 0, 14894, 0, 0]
[1531977478408139, 0, 14890, 0, 0]
[1531977478408140, 0, 14886, 0, 0]
[1531977478408151, 0, 0, 0, 63562310]
[1531977478408177, 0, 0, 0, 63627846]
[1531977478408198, 0, 0, 0, 63562310]
[1531977478408244, 0, 14894, 0, 0]
[1531977478408249, 0, 0, 0, 63578694]
[1531977478408269, 0, 0, 0, 63562310]
[1531977478408272, 0, 0, 0, 63578694]
[1531977478408285, 0, 0, 0, 63562310]
[1531977478408287, 0, 0, 0, 63578694]
[1531977478408302, 0, 0, 0, 63562310]
[1531977478408304, 0, 0, 0, 63578694]
[1531977478408316, 0, 0, 0, 63562310]
[1531977478408365, 0, 0, 0, 63578694]
[1531977478408377, 0, 0, 0, 63562310]
[1531977478408380, 0, 14902, 0, 0]
[1531977478408388, 0, 0, 0, 63578694]
[1531977478408405, 0, 14910, 0, 0]
[1531977478408414, 0, 14918, 0, 0]
[1531977478408451, 0, 14926, 0, 0]
[1531977478408460, 0, 0, 0, 63595078]
[1531977478408481, 0, 14934, 0, 0]
[1531977478408506, 0, 14942, 0, 0]
[1531977478408511, 0, 0, 0, 63611462]
[1531977478408525, 0, 0, 0, 63578694]
[1531977478408552, 0, 0, 0, 63595078]
[1531977478408572, 0, 0, 0, 63611462]
[1531977478408598, 0, 0, 0, 63595078]
[1531977478408684, 0, 14946, 0, 63611462]
[1531977478408689, 0, 0, 0, 63578694]
[1531977478408690, 0, 14942, 0, 0]
[1531977478408693, 0, 14950, 0, 0]
[1531977478408701, 0, 0, 0, 63595078]
[1531977478408815, 0, 0, 0, 63611462]
[1531977478408816, 0, 0, 0, 63595078]
[1531977478408818, 0, 14958, 0, 0]
[1531977478408826, 0, 0, 0, 63611462]
[1531977478408841, 0, 0, 0, 63611458]
[1531977478408844, 0, 0, 0, 63627842]
[1531977478408851, 0, 14966, 0, 0]
[1531977478408921, 0, 0, 0, 63644226]
[1531977478408923, 0, 0, 0, 63627842]
[1531977478408925, 0, 14974, 0, 0]
[1531977478408932, 0, 14978, 0, 63644226]
[1531977478408935, 0, 0, 0, 63611458]
[1531977478408936, 0, 14974, 0, 0]
[1531977478408937, 0, 0, 0, 63627842]
[1531977478408956, 0, 14966, 0, 0]
[1531977478409002, 0, 0, 0, 63644226]
[1531977478409015, 0, 0, 0, 63627842]
[1531977478409017, 0, 0, 0, 63644226]
[1531977478409022, 0, 0, 0, 63627842]
[1531977478409025, 0, 0, 0, 63644226]
[1531977478409026, 0, 0, 0, 63627842]
[1531977478409057, 0, 0, 0, 63644226]
[1531977478409065, 0, 0, 0, 63627842]
[1531977478409069, 0, 0, 0, 63644226]
[1531977478409070, 0, 0, 0, 63627842]
[1531977478409072, 0, 0, 0, 63644226]
[1531977478409073, 0, 0, 0, 63627842]
[1531977478409126, 0, 0, 0, 63644226]
[1531977478409144, 0, 0, 0, 63627842]
[1531977478409147, 0, 0, 0, 63644226]
[1531977478409160, 0, 0, 0, 63627838]
[1531977478409200, 0, 0, 0, 63644222]
[1531977478409204, 0, 0, 0, 63627838]
[1531977478409206, 0, 0, 0, 63644222]
[1531977478409228, 0, 0, 0, 63627838]
[1531977478409234, 0, 14970, 0, 0]
[1531977478409241, 0, 0, 18713353, 0]
[1531977478409244, 0, 14978, 0, 0]
[1531977478409248, 0, 14986, 0, 0]
[1531977478409249, 0, 14842, 0, 0]
[1531977478409250, 0, 14834, 0, 0]
[1531977478409252, 0, 0, 0, 63644222]
[1531977478409256, 0, 14698, 0, 0]
[1531977478409257, 0, 0, 0, 63627838]
[1531977478409258, 0, 14702, 0, 0]
[1531977478409261, 0, 14566, 0, 0]
[1531977478409262, 0, 14562, 0, 0]
[1531977478409267, 0, 14570, 0, 0]
[1531977478409277, 0, 14426, 0, 0]
[1531977478409278, 0, 14418, 0, 0]
[1531977478409280, 0, 0, 0, 63644222]
[1531977478409284, 0, 14282, 0, 63627838]
[1531977478409285, 0, 0, 0, 63611454]
[1531977478409286, 0, 14290, 0, 63627838]
[1531977478409293, 0, 14146, 0, 0]
[1531977478409294, 0, 14138, 0, 0]
[1531977478409295, 0, 0, 0, 63644222]
[1531977478409298, 0, 14002, 0, 63627838]
[1531977478409299, 0, 0, 0, 63611454]
[1531977478409300, 0, 0, 0, 63627838]
[1531977478409305, 0, 13866, 0, 63611454]
[1531977478409306, 0, 0, 0, 63595070]
[1531977478409307, 0, 13874, 18713354, 0]
[1531977478409311, 0, 13738, 0, 63595069]
[1531977478409312, 0, 0, 18713353, 0]
[1531977478409314, 0, 0, 0, 63627837]
[1531977478409316, 0, 13746, 0, 0]
[1531977478409317, 0, 13610, 0, 63595069]
[1531977478409318, 0, 0, 0, 63562301]
[1531977478409321, 0, 13466, 0, 0]
[1531977478409322, 0, 13458, 0, 0]
[1531977478409328, 0, 13466, 0, 0]
[1531977478409332, 0, 13322, 0, 0]
[1531977478409333, 0, 13314, 0, 0]
[1531977478409335, 0, 13322, 0, 0]
[1531977478409338, 0, 13178, 0, 0]
[1531977478409339, 0, 13170, 0, 0]
[1531977478409362, 0, 0, 0, 63578685]
[1531977478409366, 0, 13034, 0, 63562301]
[1531977478409367, 0, 0, 0, 63545917]
[1531977478409370, 0, 13042, 0, 0]
[1531977478409373, 0, 12898, 0, 0]
[1531977478409374, 0, 12890, 0, 63562301]
[1531977478409380, 0, 0, 0, 63578685]
[1531977478409381, 0, 12754, 0, 0]
[1531977478409382, 0, 0, 0, 63562301]
[1531977478409383, 0, 12618, 0, 63545917]
[1531977478409384, 0, 12626, 0, 63529533]
[1531977478409386, 0, 12490, 0, 0]
[1531977478409387, 0, 12482, 0, 0]
[1531977478409389, 0, 0, 0, 63562301]
[1531977478409390, 0, 12338, 0, 0]
[1531977478409391, 0, 12330, 0, 0]
[1531977478409396, 0, 12338, 0, 0]
[1531977478409399, 0, 12194, 0, 0]
[1531977478409400, 0, 12186, 0, 0]
[1531977478409401, 0, 0, 0, 63578685]
[1531977478409404, 0, 12050, 0, 63562301]
[1531977478409405, 0, 0, 0, 63545917]
[1531977478409410, 0, 12058, 0, 0]
[1531977478409412, 0, 11914, 0, 0]
[1531977478409413, 0, 11906, 0, 0]
[1531977478409415, 0, 0, 0, 63562301]
[1531977478409417, 0, 0, 0, 63545917]
[1531977478409418, 0, 11770, 0, 63529533]
[1531977478409419, 0, 0, 0, 63513149]
[1531977478409430, 0, 0, 0, 63529533]
[1531977478409433, 0, 0, 0, 63545917]
[1531977478409435, 0, 11634, 0, 0]
[1531977478409436, 0, 0, 0, 63529533]
[1531977478409438, 0, 11498, 0, 0]
[1531977478409439, 0, 0, 0, 63513149]
[1531977478409441, 0, 11506, 0, 0]
[1531977478409445, 0, 11362, 0, 0]
[1531977478409446, 0, 11354, 0, 0]
[1531977478409450, 0, 0, 0, 63545917]
[1531977478409452, 0, 11218, 0, 0]
[1531977478409453, 0, 0, 0, 63513149]
[1531977478409454, 0, 0, 0, 63578685]
[1531977478409456, 0, 11226, 0, 0]
[1531977478409460, 0, 11082, 0, 0]
[1531977478409461, 0, 11074, 0, 0]
[1531977478409464, 0, 0, 0, 63595069]
[1531977478409467, 0, 10938, 0, 63578685]
[1531977478409468, 0, 0, 0, 63562301]
[1531977478409472, 0, 10946, 0, 0]
[1531977478409475, 0, 10802, 0, 0]
[1531977478409476, 0, 10794, 0, 0]
[1531977478409478, 0, 0, 0, 63021629]
[1531977478409481, 0, 10658, 0, 63005245]
[1531977478409482, 0, 0, 0, 63054397]
[1531977478409488, 0, 10666, 0, 0]
[1531977478409491, 0, 10522, 0, 0]
[1531977478409492, 0, 10514, 0, 0]
[1531977478409494, 0, 0, 0, 63070781]
[1531977478409497, 0, 10378, 0, 63054397]
[1531977478409498, 0, 0, 0, 63038013]
[1531977478409502, 0, 0, 0, 62970429]
[1531977478409503, 0, 0, 0, 62986813]
[1531977478409505, 0, 0, 0, 63052349]
[1531977478409506, 0, 10242, 0, 63035965]
[1531977478409507, 0, 0, 0, 63019581]
[1531977478409509, 0, 10250, 0, 0]
[1531977478409512, 0, 10106, 0, 0]
[1531977478409513, 0, 10098, 0, 0]
[1531977478409518, 0, 0, 0, 63035965]
[1531977478409521, 0, 9962, 0, 0]
[1531977478409522, 0, 0, 0, 63019581]
[1531977478409523, 0, 0, 0, 63035965]
[1531977478409526, 0, 9826, 18713349, 62970429]
[1531977478409527, 0, 0, 0, 62954045]
[1531977478409533, 0, 9834, 0, 0]
[1531977478409540, 0, 0, 0, 62970429]
[1531977478409559, 0, 0, 0, 62954045]
[1531977478409562, 0, 0, 0, 62970429]
[1531977478409577, 0, 0, 0, 62954041]
[1531977478409580, 0, 0, 0, 62970425]
[1531977478409592, 0, 0, 0, 62954041]
[1531977478409597, 0, 0, 0, 62970425]
[1531977478409609, 0, 0, 0, 62954041]
[1531977478409612, 0, 9842, 0, 0]
[1531977478409619, 0, 9698, 0, 0]
[1531977478409620, 0, 9690, 0, 0]
[1531977478409621, 0, 9698, 0, 0]
[1531977478409626, 0, 0, 0, 62970425]
[1531977478409632, 0, 9562, 0, 0]
[1531977478409633, 0, 0, 0, 62954041]
[1531977478409634, 0, 0, 0, 62970425]
[1531977478409646, 0, 0, 0, 62954041]
[1531977478409648, 0, 9570, 0, 0]
[1531977478409656, 0, 0, 0, 62970425]
[1531977478409659, 0, 9434, 0, 0]
[1531977478409660, 0, 0, 0, 62954041]
[1531977478409661, 0, 0, 0, 62970425]
[1531977478409676, 0, 0, 0, 62954041]
[1531977478409682, 0, 9442, 0, 0]
[1531977478409687, 0, 0, 0, 62970425]
[1531977478409692, 0, 9306, 0, 62954041]
[1531977478409693, 0, 0, 0, 62937657]
[1531977478409695, 0, 9314, 0, 0]
[1531977478409697, 0, 9170, 0, 0]
[1531977478409698, 0, 9162, 0, 0]
[1531977478409699, 0, 9170, 0, 0]
[1531977478409706, 0, 0, 0, 62954041]
[1531977478409707, 0, 9034, 0, 0]
[1531977478409708, 0, 0, 0, 62937657]
[1531977478409709, 0, 0, 0, 62954041]
[1531977478409724, 0, 0, 0, 62937657]
[1531977478409730, 0, 9042, 0, 0]
[1531977478409732, 0, 8898, 0, 0]
[1531977478409733, 0, 8890, 0, 0]
[1531977478409737, 0, 8898, 0, 0]
[1531977478409742, 0, 8906, 0, 0]
[1531977478409744, 0, 8762, 0, 0]
[1531977478409745, 0, 8754, 0, 0]
[1531977478409749, 0, 8762, 0, 0]
[1531977478409750, 0, 8618, 0, 0]
[1531977478409751, 0, 8610, 0, 0]
[1531977478409753, 0, 8618, 0, 0]
[1531977478409756, 0, 0, 0, 62954041]
[1531977478409774, 0, 0, 0, 62921273]
[1531977478409776, 0, 8626, 0, 0]
[1531977478409779, 0, 8482, 0, 0]
[1531977478409780, 0, 8474, 0, 0]
[1531977478409784, 0, 8482, 0, 0]
[1531977478409786, 0, 8338, 0, 0]
[1531977478409787, 0, 8330, 0, 0]
[1531977478409788, 0, 0, 0, 62937657]
[1531977478409791, 0, 0, 0, 62954041]
[1531977478409805, 0, 0, 0, 62937657]
[1531977478409811, 0, 8334, 0, 62954041]
[1531977478409815, 0, 0, 0, 62921273]
[1531977478409816, 0, 8330, 0, 0]
[1531977478409817, 0, 0, 0, 62937657]
[1531977478409831, 0, 0, 0, 62921273]
[1531977478409836, 0, 8338, 0, 0]
[1531977478409842, 0, 0, 0, 62937657]
[1531977478409847, 0, 8202, 0, 62921273]
[1531977478409848, 0, 0, 0, 62904889]
[1531977478409849, 0, 0, 0, 62921273]
[1531977478409851, 0, 0, 0, 62904889]
[1531977478409853, 0, 0, 0, 62921273]
[1531977478409858, 0, 0, 0, 62921277]
[1531977478409862, 0, 8062, 0, 62904893]
[1531977478409864, 0, 8070, 0, 0]
[1531977478409866, 0, 7926, 0, 0]
[1531977478409867, 0, 7918, 0, 0]
[1531977478409874, 0, 0, 0, 62921277]
[1531977478409875, 0, 7922, 0, 0]
[1531977478409876, 0, 0, 0, 62904893]
[1531977478409878, 0, 7926, 0, 62921277]
[1531977478409881, 0, 0, 0, 62888509]
[1531977478409882, 0, 7918, 0, 0]
[1531977478409883, 0, 0, 0, 62888513]
[1531977478409889, 0, 0, 0, 62888509]
[1531977478409891, 0, 0, 0, 62904893]
[1531977478409899, 0, 7926, 0, 0]
[1531977478409905, 0, 7922, 18713345, 0]
[1531977478409906, 0, 7918, 0, 62888509]
[1531977478409907, 0, 7922, 0, 0]
[1531977478409908, 0, 0, 0, 62904893]
[1531977478409909, 0, 7918, 0, 0]
[1531977478409911, 0, 7922, 0, 62888509]
[1531977478409913, 0, 7918, 0, 0]
[1531977478409916, 0, 7922, 0, 62888513]
[1531977478409920, 0, 7926, 0, 62888505]
[1531977478409921, 0, 7922, 0, 0]
[1531977478409923, 0, 0, 0, 62904889]
[1531977478409924, 0, 7918, 0, 0]
[1531977478409926, 0, 0, 0, 62888505]
[1531977478409930, 0, 0, 0, 62904889]
[1531977478409934, 0, 0, 0, 62888505]
[1531977478409937, 0, 0, 0, 62888509]
[1531977478409940, 0, 0, 18713344, 62888505]
[1531977478409952, 0, 0, 0, 62904889]
[1531977478409968, 0, 0, 0, 62888505]
[1531977478409970, 0, 0, 0, 62888509]
[1531977478409972, 0, 0, 0, 62888505]
[1531977478409975, 0, 0, 0, 62904889]
[1531977478409981, 0, 0, 0, 62888505]
[1531977478409984, 0, 8054, 0, 62888509]
[1531977478410014, 0, 0, 0, 62888505]
[1531977478410019, 0, 8058, 0, 0]
[1531977478410052, 0, 8066, 0, 0]
[1531977478410058, 0, 8062, 18713336, 0]
[1531977478410082, 0, 0, 0, 62921273]
[1531977478410135, 0, 7926, 0, 0]
[1531977478410142, 0, 7938, 0, 0]
[1531977478410153, 0, 7950, 0, 0]
[1531977478410185, 0, 0, 18713344, 0]
[1531977478410188, 0, 0, 18713348, 0]
[1531977478410198, 1344, 0, 0, 0]
[1531977478410201, 1340, 7938, 18713344, 0]
[1531977478410224, 0, 7950, 0, 0]
[1531977478410234, 0, 0, 18713336, 0]
[1531977478410294, 0, 0, 0, 62921277]
[1531977478410310, 0, 0, 0, 62921281]
[1531977478410316, 0, 0, 18713332, 0]
[1531977478410333, 0, 0, 18713324, 0]
[1531977478410417, 0, 7958, 0, 0]
[1531977478410425, 0, 0, 0, 62921273]
[1531977478410430, 0, 0, 0, 62954041]
[1531977478410435, 0, 7950, 0, 62921273]
[1531977478410443, 0, 0, 0, 72277561]
[1531977478410486, 0, 0, 0, 81633849]
[1531977478410494, 0, 7938, 0, 0]
[1531977478410497, 0, 7946, 0, 0]
[1531977478410504, 0, 7958, 0, 0]
[1531977478410511, 0, 7966, 0, 0]
[1531977478410518, 0, 7954, 18713316, 0]
[1531977478410538, 0, 0, 18713318, 0]
[1531977478410687, 0, 0, 0, 81633850]
[1531977478410726, 0, 0, 18713316, 0]
[1531977478410743, 1344, 0, 0, 0]
[1531977478410748, 1340, 0, 0, 0]
[1531977478410771, 1212, 7946, 0, 81633849]
[1531977478410774, 0, 7950, 0, 0]
[1531977478410791, 0, 0, 18713320, 0]
[1531977478410795, 0, 7954, 0, 0]
[1531977478410803, 0, 7950, 0, 0]
[1531977478410816, 0, 0, 0, 81633853]
[1531977478410820, 0, 0, 18713324, 0]
[1531977478410825, 0, 0, 18713328, 0]
[1531977478410830, 0, 0, 18713336, 0]
[1531977478410836, 0, 0, 18713340, 0]
[1531977478410839, 0, 0, 18713344, 0]
[1531977478410840, 0, 0, 18713348, 0]
[1531977478410845, 0, 7962, 0, 0]
[1531977478410849, 0, 0, 18713352, 0]
[1531977478410850, 0, 0, 0, 72277565]
[1531977478410852, 0, 0, 18713353, 0]
[1531977478410853, 0, 0, 18713609, 0]
[1531977478410856, 0, 7826, 18713605, 72277309]
[1531977478410858, 0, 7830, 0, 0]
[1531977478410864, 0, 0, 0, 72277313]
[1531977478410866, 0, 7826, 18713593, 0]
[1531977478410868, 0, 0, 0, 72277309]
[1531977478410869, 0, 7690, 0, 72277305]
[1531977478410872, 0, 7698, 0, 0]
[1531977478410875, 0, 7562, 0, 0]
[1531977478410880, 0, 7578, 0, 0]
[1531977478410888, 0, 7574, 18713589, 0]
[1531977478410892, 0, 7438, 0, 0]
[1531977478410895, 0, 0, 0, 72310073]
[1531977478410898, 1484, 7446, 0, 81666361]
[1531977478410899, 0, 7310, 0, 0]
[1531977478410900, 1348, 0, 0, 0]
[1531977478410902, 1212, 7318, 0, 0]
[1531977478410903, 0, 0, 18713593, 0]
[1531977478410906, 1220, 0, 0, 0]
[1531977478410907, 0, 7310, 0, 72310073]
[1531977478410909, 0, 7174, 0, 0]
[1531977478410910, 1084, 7166, 0, 0]
[1531977478410912, 0, 7174, 0, 0]
[1531977478410915, 948, 7038, 0, 0]
[1531977478410920, 0, 0, 0, 72326457]
[1531977478410932, 0, 6902, 0, 0]
[1531977478410936, 0, 0, 0, 72342841]
[1531977478410939, 0, 6766, 0, 0]
[1531977478410942, 0, 6774, 0, 0]
[1531977478410944, 0, 6638, 0, 0]
[1531977478410947, 0, 0, 0, 81699385]
[1531977478410950, 0, 6646, 0, 0]
[1531977478410952, 0, 6510, 0, 0]
[1531977478410958, 940, 0, 0, 0]
[1531977478410959, 0, 0, 0, 81715769]
[1531977478410962, 0, 6374, 0, 0]
[1531977478410968, 0, 0, 0, 81732153]
[1531977478410971, 0, 6238, 0, 0]
[1531977478410974, 0, 6246, 0, 0]
[1531977478410976, 0, 6110, 0, 0]
[1531977478410978, 0, 6118, 0, 0]
[1531977478410983, 0, 5982, 0, 0]
[1531977478410988, 0, 0, 0, 81748537]
[1531977478410990, 0, 5846, 0, 0]
[1531977478410993, 0, 0, 0, 81764921]
[1531977478410998, 0, 5710, 0, 0]
[1531977478411001, 0, 0, 0, 81781305]
[1531977478411003, 0, 5574, 0, 0]
[1531977478411006, 0, 0, 0, 81797689]
[1531977478411009, 0, 5438, 0, 0]
[1531977478411016, 0, 5454, 0, 0]
[1531977478411017, 0, 5462, 0, 0]
[1531977478411020, 0, 5326, 0, 0]
[1531977478411023, 0, 5334, 0, 81814073]
[1531977478411027, 0, 5198, 0, 0]
[1531977478411028, 0, 0, 0, 81797689]
[1531977478411030, 0, 0, 0, 81764921]
[1531977478411032, 0, 5190, 0, 0]
[1531977478411033, 0, 5198, 0, 0]
[1531977478411038, 0, 5078, 0, 0]
[1531977478411041, 0, 5086, 0, 0]
[1531977478411043, 0, 4950, 0, 0]
[1531977478411047, 0, 0, 0, 81781305]
[1531977478411054, 0, 4814, 0, 0]
[1531977478411056, 0, 4806, 0, 0]
[1531977478411057, 0, 0, 0, 81797689]
[1531977478411061, 0, 4670, 0, 0]
[1531977478411062, 0, 0, 0, 81781305]
[1531977478411064, 0, 4678, 0, 0]
[1531977478411065, 0, 0, 18713337, 72425017]
[1531977478411069, 0, 4542, 0, 72425273]
[1531977478411074, 0, 4534, 0, 0]
[1531977478411087, 0, 4542, 0, 0]
[1531977478411089, 0, 4406, 0, 0]
[1531977478411091, 0, 4410, 0, 0]
[1531977478411094, 0, 4418, 0, 0]
[1531977478411096, 0, 0, 0, 72425017]
[1531977478411098, 0, 4282, 0, 0]
[1531977478411099, 0, 0, 0, 72425273]
[1531977478411110, 0, 4290, 0, 0]
[1531977478411111, 0, 0, 0, 72458041]
[1531977478411114, 0, 4154, 0, 0]
[1531977478411116, 0, 4162, 0, 0]
[1531977478411119, 0, 4026, 0, 0]
[1531977478411124, 0, 4034, 0, 0]
[1531977478411125, 0, 4026, 0, 0]
[1531977478411127, 0, 3890, 0, 0]
[1531977478411132, 0, 0, 0, 72474425]
[1531977478411134, 0, 3754, 0, 0]
[1531977478411138, 0, 3762, 0, 0]
[1531977478411140, 0, 0, 0, 72490809]
[1531977478411142, 0, 3626, 0, 0]
[1531977478411143, 0, 0, 0, 72490553]
[1531977478411145, 0, 3634, 0, 0]
[1531977478411146, 0, 0, 0, 72490557]
[1531977478411147, 0, 3498, 0, 0]
[1531977478411149, 0, 3506, 0, 0]
[1531977478411154, 0, 3370, 0, 0]
[1531977478411159, 0, 0, 0, 72506941]
[1531977478411161, 0, 3234, 0, 0]
[1531977478411163, 0, 0, 0, 72523325]
[1531977478411169, 0, 3098, 0, 0]
[1531977478411172, 0, 3106, 18713329, 0]
[1531977478411174, 0, 2970, 0, 0]
[1531977478411175, 0, 2978, 0, 0]
[1531977478411176, 0, 2986, 0, 0]
[1531977478411178, 0, 2850, 0, 0]
[1531977478411179, 0, 0, 0, 72523069]
[1531977478411185, 0, 0, 0, 72539453]
[1531977478411186, 0, 2834, 0, 0]
[1531977478411189, 0, 2698, 0, 0]
[1531977478411191, 0, 0, 0, 72555841]
[1531977478411194, 0, 2562, 0, 0]
[1531977478411200, 0, 0, 0, 72572225]
[1531977478411202, 0, 2426, 0, 0]
[1531977478411205, 0, 0, 0, 72588609]
[1531977478411207, 0, 2290, 0, 0]
[1531977478411211, 0, 2306, 0, 72588601]
[1531977478411212, 0, 2314, 0, 0]
[1531977478411213, 0, 0, 0, 72588857]
[1531977478411220, 0, 2178, 0, 0]
[1531977478411225, 0, 2186, 0, 72605241]
[1531977478411231, 0, 0, 0, 72572473]
[1531977478411234, 0, 2202, 0, 0]
[1531977478411235, 0, 2050, 0, 72572469]
[1531977478411236, 0, 0, 0, 72556085]
[1531977478411243, 0, 2058, 0, 0]
[1531977478411246, 0, 0, 18713325, 0]
[1531977478411250, 0, 1922, 0, 0]
[1531977478411253, 0, 1930, 0, 0]
[1531977478411256, 0, 1794, 0, 0]
[1531977478411260, 0, 0, 0, 72572469]
[1531977478411265, 0, 1658, 0, 0]
[1531977478411268, 0, 0, 0, 72588853]
[1531977478411269, 0, 1650, 0, 0]
[1531977478411271, 0, 1514, 0, 0]
[1531977478411272, 0, 0, 0, 72572469]
[1531977478411274, 0, 0, 18713329, 0]
[1531977478411277, 0, 1378, 0, 0]
[1531977478411283, 0, 0, 0, 72572725]
[1531977478411285, 0, 0, 0, 72572729]
[1531977478411303, 0, 0, 0, 72572217]
[1531977478411306, 0, 0, 0, 72572473]
[1531977478411309, 0, 0, 0, 72572217]
[1531977478411310, 0, 1382, 0, 0]
[1531977478411312, 0, 0, 0, 72572473]
[1531977478411315, 0, 1378, 0, 72572217]
[1531977478411316, 0, 1386, 0, 0]
[1531977478411322, 0, 1378, 0, 72572473]
[1531977478411323, 0, 1374, 0, 0]
[1531977478411324, 0, 1375, 0, 0]
[1531977478411326, 0, 0, 18713325, 72572217]
[1531977478411327, 0, 0, 18713321, 0]
[1531977478411328, 0, 0, 0, 81928505]
[1531977478411330, 0, 1376, 0, 0]
[1531977478411332, 0, 1375, 0, 0]
[1531977478411348, 0, 0, 0, 72571961]
[1531977478411354, 0, 1379, 0, 0]
[1531977478411355, 0, 0, 0, 81928249]
[1531977478411356, 0, 1375, 0, 0]
[1531977478411357, 0, 1371, 0, 0]
[1531977478411359, 0, 1363, 0, 72571961]
[1531977478411362, 0, 0, 0, 72604729]
[1531977478411433, 0, 0, 0, 53892153]
[1531977478411441, 0, 0, 0, 72604729]
[1531977478411467, 0, 0, 0, 63215673]
[1531977478411481, 0, 0, 0, 63248441]
[1531977478411485, 0, 1351, 0, 63215673]
[1531977478411491, 0, 0, 0, 63215677]
[1531977478411540, 0, 0, 0, 63215681]
[1531977478411580, 0, 1207, 0, 63182909]
[1531977478411588, 0, 0, 0, 63182913]
[1531977478411592, 0, 0, 0, 63182909]
[1531977478411603, 972, 0, 0, 0]
[1531977478411612, 940, 0, 0, 63182905]
[1531977478411617, 0, 1203, 0, 0]
[1531977478411620, 1080, 0, 0, 0]
[1531977478411633, 944, 0, 0, 0]
[1531977478411634, 940, 0, 0, 0]
[1531977478411677, 0, 0, 0, 63182909]
[1531977478411680, 0, 1339, 0, 63182913]
[1531977478411689, 0, 1203, 0, 0]
[1531977478411690, 0, 0, 0, 63182909]
[1531977478411734, 0, 1207, 0, 63182913]
[1531977478411738, 0, 0, 0, 63182905]
[1531977478411739, 0, 1203, 0, 0]
[1531977478411740, 0, 0, 0, 63199289]
[1531977478411744, 0, 1067, 18713317, 0]
[1531977478411761, 0, 0, 0, 63199293]
[1531977478411763, 0, 0, 0, 63199289]
[1531977478411764, 0, 0, 0, 63199285]
[1531977478412451, 0, 0, 0, 63215669]
[1531977478412465, 0, 0, 0, 63199285]
[1531977478412476, 0, 0, 0, 63215669]
[1531977478412492, 0, 0, 0, 63232053]
[1531977478412503, 0, 0, 0, 63215669]
[1531977478412514, 0, 0, 0, 63232053]
[1531977478412516, 0, 0, 0, 63215669]
[1531977478412518, 0, 0, 0, 63232053]
[1531977478412522, 0, 0, 0, 63215669]
[1531977478412543, 0, 0, 0, 63232053]
[1531977478412549, 0, 1059, 0, 63215669]
[1531977478412551, 0, 0, 0, 63232053]
[1531977478412553, 0, 1051, 0, 63215669]
[1531977478412590, 0, 0, 0, 63232053]
[1531977478412606, 0, 0, 0, 63199285]
[1531977478412608, 0, 0, 0, 63215669]
[1531977478412621, 0, 0, 0, 63182901]
[1531977478412636, 0, 0, 0, 63199285]
[1531977478412651, 0, 0, 0, 63182901]
[1531977478412670, 0, 0, 0, 63199285]
[1531977478412673, 0, 0, 0, 63215669]
[1531977478412674, 0, 0, 0, 63199285]
[1531977478412713, 0, 0, 0, 63215669]
[1531977478412716, 0, 1043, 0, 63199285]
[1531977478412718, 0, 0, 0, 63215669]
[1531977478412719, 0, 1035, 0, 63199285]
[1531977478412740, 0, 0, 0, 63215669]
[1531977478412760, 0, 0, 0, 63232053]
[1531977478412774, 0, 0, 0, 63215669]
[1531977478412776, 0, 0, 0, 63232053]
[1531977478412793, 0, 0, 0, 63248437]
[1531977478412806, 0, 0, 0, 63215669]
[1531977478412821, 0, 0, 0, 63215669]
[1531977478412828, 0, 0, 0, 63232053]
[1531977478412829, 0, 0, 0, 63215669]
[1531977478412831, 0, 0, 0, 63232053]
[1531977478412832, 0, 0, 0, 63215669]
[1531977478412837, 0, 0, 0, 63232053]
[1531977478412838, 0, 0, 0, 63215669]
[1531977478412853, 0, 0, 0, 63232053]
[1531977478412855, 0, 1027, 0, 63215669]
[1531977478412859, 0, 0, 0, 63232053]
[1531977478412861, 0, 1019, 0, 63215669]
[1531977478412862, 0, 0, 0, 63232053]
[1531977478412864, 0, 1011, 0, 63215669]
[1531977478412866, 0, 0, 0, 63232053]
[1531977478412870, 0, 1003, 0, 63215669]
[1531977478412943, 0, 0, 0, 63232053]
[1531977478412955, 0, 0, 0, 63199285]
[1531977478412961, 0, 0, 0, 63215669]
[1531977478412974, 0, 0, 0, 63182901]
[1531977478412976, 0, 0, 0, 63199285]
[1531977478412978, 0, 0, 0, 63182901]
[1531977478412982, 0, 0, 0, 63199285]
[1531977478412994, 0, 0, 0, 63166517]
[1531977478413018, 0, 1007, 0, 63182901]
[1531977478413022, 0, 0, 0, 63150133]
[1531977478413023, 0, 1003, 0, 0]
[1531977478413028, 0, 0, 0, 63166517]
[1531977478413029, 0, 0, 0, 63150133]
[1531977478413057, 0, 0, 0, 63166517]
[1531977478413058, 0, 0, 0, 63150133]
[1531977478413060, 0, 0, 0, 63166517]
[1531977478413064, 0, 995, 0, 63150133]
[1531977478413124, 0, 0, 0, 63166517]
[1531977478413126, 0, 0, 0, 63150133]
[1531977478413128, 0, 0, 0, 63215669]
[1531977478413170, 0, 0, 18713313, 63150133]
[1531977478413189, 0, 0, 0, 63166517]
[1531977478413193, 0, 0, 0, 63150133]
[1531977478413197, 0, 0, 0, 63674421]
[1531977478413219, 0, 0, 0, 63641653]
[1531977478413225, 0, 0, 0, 63674421]
[1531977478413242, 0, 0, 0, 63150133]
[1531977478413248, 0, 0, 0, 63152181]
[1531977478413272, 0, 0, 0, 63086645]
[1531977478413298, 0, 0, 0, 63610933]
[1531977478413313, 0, 0, 0, 63086645]
[1531977478413315, 0, 0, 0, 63103029]
[1531977478413335, 0, 979, 0, 0]
[1531977478413337, 0, 0, 0, 63119413]
[1531977478413352, 0, 963, 0, 63086645]
[1531977478413359, 0, 0, 0, 63088693]
[1531977478413373, 0, 0, 0, 63086645]
[1531977478413427, 0, 0, 0, 63086645]
[1531977478413432, 0, 0, 0, 63103029]
[1531977478413447, 0, 0, 0, 63070261]
[1531977478413449, 0, 0, 0, 63086645]
[1531977478413451, 0, 0, 0, 63070261]
[1531977478413456, 0, 0, 0, 63072309]
[1531977478413457, 0, 0, 0, 63070261]
[1531977478413589, 0, 967, 0, 63594549]
[1531977478413594, 0, 0, 0, 62545973]
[1531977478413595, 0, 963, 0, 0]
[1531977478413596, 0, 0, 0, 62562357]
[1531977478413598, 0, 0, 0, 62545973]
[1531977478413603, 0, 967, 0, 62562357]
[1531977478413606, 0, 0, 0, 62529589]
[1531977478413607, 0, 963, 0, 0]
[1531977478413608, 0, 967, 0, 62531637]
[1531977478413613, 0, 0, 0, 62527541]
[1531977478413614, 0, 963, 0, 0]
[1531977478413704, 0, 0, 0, 63051829]
[1531977478413707, 0, 0, 0, 62527541]
[1531977478413713, 0, 0, 0, 62543925]
[1531977478413715, 0, 955, 0, 62527541]
[1531977478413717, 0, 0, 0, 62543925]
[1531977478413718, 0, 0, 0, 62527541]
[1531977478413722, 0, 0, 0, 62529589]
[1531977478413723, 0, 0, 0, 62527541]
[1531977478413761, 0, 0, 0, 63051829]
[1531977478413762, 0, 0, 0, 62527541]
[1531977478413764, 0, 0, 0, 62543925]
[1531977478413780, 0, 0, 0, 62527541]
[1531977478413784, 0, 0, 0, 62543925]
[1531977478413786, 0, 0, 0, 62527541]
[1531977478413788, 0, 0, 0, 62529589]
[1531977478413789, 0, 0, 0, 62527541]
[1531977478413821, 0, 0, 0, 62527545]
[1531977478413850, 0, 0, 0, 62543929]
[1531977478413856, 0, 0, 0, 62527545]
[1531977478413859, 0, 0, 0, 62543929]
[1531977478413863, 0, 0, 0, 62527545]
[1531977478413865, 0, 0, 0, 62527549]
[1531977478413905, 0, 0, 0, 62543933]
[1531977478413909, 0, 947, 0, 62527549]
[1531977478413938, 0, 0, 0, 62543933]
[1531977478413951, 0, 0, 0, 62527549]
[1531977478413967, 0, 0, 0, 62543933]
[1531977478413988, 0, 0, 0, 62560317]
[1531977478414002, 0, 0, 0, 62543933]
[1531977478414064, 0, 0, 0, 62560317]
[1531977478414066, 0, 0, 0, 62543933]
[1531977478414068, 0, 0, 0, 62560317]
[1531977478414069, 0, 0, 0, 62543933]
[1531977478414116, 0, 0, 0, 62560317]
[1531977478414118, 0, 939, 0, 62543933]
[1531977478414123, 0, 0, 0, 62560317]
[1531977478414125, 0, 931, 0, 62543933]
[1531977478414146, 0, 0, 0, 62560317]
[1531977478414160, 0, 0, 0, 62527549]
[1531977478414162, 0, 0, 0, 62543933]
[1531977478414174, 0, 0, 0, 62511165]
[1531977478414199, 0, 0, 0, 62527549]
[1531977478414213, 0, 0, 0, 62511165]
[1531977478414251, 0, 0, 0, 62527549]
[1531977478414258, 0, 0, 18713312, 0]
[1531977478414260, 0, 0, 0, 62543933]
[1531977478414263, 0, 0, 0, 62560317]
[1531977478414264, 0, 0, 0, 62543933]
[1531977478414333, 0, 0, 0, 62560317]
[1531977478414338, 0, 923, 0, 62543933]
[1531977478414340, 0, 0, 0, 62560317]
[1531977478414342, 0, 915, 0, 62543933]
[1531977478414345, 944, 0, 0, 0]
[1531977478414358, 804, 0, 18713308, 62527549]
[1531977478414360, 0, 0, 0, 62543933]
[1531977478414388, 0, 0, 0, 62560317]
[1531977478414421, 0, 0, 0, 62543933]
[1531977478414424, 0, 0, 0, 62560317]
[1531977478414427, 0, 919, 0, 62560321]
[1531977478414438, 800, 0, 0, 0]
[1531977478414439, 0, 915, 0, 0]
[1531977478414442, 0, 0, 0, 62560325]
[1531977478414446, 0, 0, 0, 62576709]
[1531977478414473, 0, 0, 0, 62576705]
[1531977478414477, 0, 0, 0, 62576709]
[1531977478414482, 0, 0, 0, 62576705]
[1531977478414484, 0, 919, 0, 62576709]
[1531977478414489, 0, 0, 0, 62576701]
[1531977478414490, 0, 915, 0, 62543933]
[1531977478414494, 0, 0, 0, 62543937]
[1531977478414496, 0, 0, 0, 62543933]
[1531977478414498, 0, 0, 0, 62543937]
[1531977478414500, 0, 0, 0, 62543933]
[1531977478414511, 0, 0, 0, 62560317]
[1531977478414513, 0, 0, 0, 62543933]
[1531977478414517, 0, 0, 0, 62560317]
[1531977478414519, 0, 0, 0, 62543933]
[1531977478414521, 0, 0, 0, 62560317]
[1531977478414522, 0, 0, 0, 62543933]
[1531977478414524, 0, 0, 0, 62560317]
[1531977478414527, 0, 0, 0, 62543933]
[1531977478414606, 0, 0, 0, 62560317]
[1531977478414609, 0, 907, 0, 62543933]
[1531977478414611, 0, 0, 0, 62560317]
[1531977478414616, 0, 899, 0, 62543933]
[1531977478414618, 0, 0, 0, 62560317]
[1531977478414620, 0, 891, 0, 62543933]
[1531977478414622, 0, 0, 0, 62560317]
[1531977478414626, 0, 883, 0, 62543933]
[1531977478414649, 0, 0, 0, 62560317]
[1531977478414663, 0, 0, 0, 62527549]
[1531977478414665, 0, 0, 0, 62543933]
[1531977478414677, 0, 0, 0, 62511165]
[1531977478414682, 0, 0, 0, 62527549]
[1531977478414684, 0, 0, 0, 62511165]
[1531977478414686, 0, 0, 0, 62527549]
[1531977478414698, 0, 0, 0, 62494781]
[1531977478414736, 0, 887, 0, 62511165]
[1531977478414744, 0, 0, 0, 62478397]
[1531977478414745, 0, 883, 0, 0]
[1531977478414746, 0, 0, 0, 62494781]
[1531977478414747, 0, 0, 0, 62478397]
[1531977478414824, 0, 0, 0, 62494781]
[1531977478414829, 0, 0, 0, 62478397]
[1531977478414831, 0, 0, 0, 62494781]
[1531977478414833, 0, 875, 0, 62478397]
[1531977478414847, 0, 0, 0, 62494781]
[1531977478414849, 0, 0, 0, 62478397]
[1531977478414854, 0, 0, 0, 62543933]
[1531977478414894, 0, 0, 18713304, 62478397]
[1531977478414914, 0, 0, 0, 62494781]
[1531977478414921, 0, 0, 0, 62478397]
[1531977478414923, 0, 0, 0, 63002685]
[1531977478414945, 0, 0, 0, 62969917]
[1531977478414955, 0, 0, 0, 63002685]
[1531977478414975, 0, 0, 0, 62478397]
[1531977478414977, 0, 0, 0, 62480445]
[1531977478415000, 0, 0, 0, 62414909]
[1531977478415087, 0, 0, 0, 62939197]
[1531977478415103, 0, 0, 0, 62414909]
[1531977478415109, 0, 0, 0, 62431293]
[1531977478415126, 0, 859, 0, 0]
[1531977478415128, 0, 0, 0, 62447677]
[1531977478415146, 0, 843, 0, 62414909]
[1531977478415148, 0, 0, 0, 62416957]
[1531977478415162, 0, 0, 0, 62414909]
[1531977478415303, 0, 0, 0, 62939197]
[1531977478415305, 0, 0, 0, 62414909]
[1531977478415310, 0, 0, 0, 62431293]
[1531977478415325, 0, 0, 0, 62398525]
[1531977478415328, 0, 0, 0, 62414909]
[1531977478415329, 0, 0, 0, 62398525]
[1531977478415334, 0, 0, 0, 62400573]
[1531977478415335, 0, 0, 0, 62398525]
[1531977478415471, 0, 847, 0, 62922813]
[1531977478415480, 0, 0, 0, 61874237]
[1531977478415481, 0, 843, 0, 0]
[1531977478415482, 0, 0, 0, 61890621]
[1531977478415484, 0, 0, 0, 61874237]
[1531977478415486, 0, 847, 0, 61890621]
[1531977478415492, 0, 0, 0, 61857853]
[1531977478415493, 0, 843, 0, 0]
[1531977478415494, 0, 847, 0, 61859901]
[1531977478415496, 0, 0, 0, 61855805]
[1531977478415497, 0, 843, 0, 0]
[1531977478415549, 0, 0, 0, 62380093]
[1531977478415550, 0, 0, 0, 61855805]
[1531977478415555, 0, 0, 0, 61872189]
[1531977478415557, 0, 835, 0, 61855805]
[1531977478415559, 0, 0, 0, 61872189]
[1531977478415560, 0, 0, 0, 61855805]
[1531977478415565, 0, 0, 0, 61857853]
[1531977478415566, 0, 0, 0, 61855805]
[1531977478415594, 0, 0, 0, 62380093]
[1531977478415596, 0, 0, 0, 61855805]
[1531977478415598, 0, 0, 0, 61872189]
[1531977478415617, 0, 0, 0, 61855801]
[1531977478415619, 0, 0, 0, 61872185]
[1531977478415621, 0, 0, 0, 61855801]
[1531977478415623, 0, 0, 0, 61857849]
[1531977478415628, 0, 0, 0, 61855801]
[1531977478415655, 0, 0, 0, 61855805]
[1531977478415682, 0, 0, 0, 61872189]
[1531977478415684, 0, 0, 0, 61855805]
[1531977478415690, 0, 0, 0, 61872189]
[1531977478415694, 0, 0, 0, 61855805]
[1531977478415696, 0, 0, 0, 61855809]
[1531977478415736, 0, 0, 0, 61872193]
[1531977478415738, 0, 827, 0, 61855809]
[1531977478415805, 0, 0, 0, 61872193]
[1531977478415808, 0, 0, 0, 61855809]
[1531977478415859, 0, 831, 0, 61872193]
[1531977478415862, 0, 0, 0, 61839425]
[1531977478415863, 0, 827, 0, 0]
[1531977478415939, 0, 0, 0, 61855809]
[1531977478415941, 0, 826, 0, 61839425]
[1531977478416014, 0, 0, 0, 61855809]
[1531977478416016, 0, 0, 0, 61839425]
[1531977478416072, 0, 0, 0, 61855809]
[1531977478416080, 0, 0, 0, 61839424]
[1531977478416198, 804, 0, 0, 0]
[1531977478416209, 660, 0, 0, 61823040]
[1531977478416213, 668, 0, 0, 0]
[1531977478416216, 664, 0, 0, 0]
[1531977478416217, 660, 0, 0, 0]
[1531977478416219, 0, 0, 18713308, 0]
[1531977478416224, 656, 0, 0, 61823036]
[1531977478416228, 796, 0, 0, 0]
[1531977478416240, 660, 0, 0, 0]
[1531977478416241, 656, 0, 0, 0]
[1531977478416254, 33424, 0, 0, 0]
[1531977478416292, 33288, 818, 18713304, 0]
[1531977478416295, 66056, 0, 0, 0]
[1531977478416298, 33280, 0, 0, 0]
[1531977478416304, 0, 0, 18713308, 0]
[1531977478416828, 0, 0, 0, 61839420]
[1531977478416858, 0, 0, 0, 61855804]
[1531977478416870, 0, 0, 0, 61839420]
[1531977478417589, 0, 0, 0, 61855804]
[1531977478417623, 0, 0, 0, 61872188]
[1531977478417638, 0, 0, 18713276, 61855804]
[1531977478417670, 0, 0, 0, 61872188]
[1531977478417686, 0, 0, 0, 61888572]
[1531977478417697, 0, 0, 0, 61872188]
[1531977478417767, 0, 0, 0, 61888572]
[1531977478417769, 0, 0, 0, 61872188]
[1531977478417771, 0, 0, 0, 61888572]
[1531977478417772, 0, 0, 0, 61872188]
[1531977478417833, 0, 0, 0, 61888572]
[1531977478417836, 0, 810, 0, 61872188]
[1531977478417843, 0, 0, 0, 61888572]
[1531977478417845, 0, 802, 0, 61872188]
[1531977478417872, 0, 0, 0, 61888572]
[1531977478417887, 0, 0, 0, 61855804]
[1531977478417889, 0, 0, 0, 61872188]
[1531977478417902, 0, 0, 0, 61839420]
[1531977478417946, 0, 0, 0, 61855804]
[1531977478417960, 0, 0, 0, 61823036]
[1531977478418008, 0, 0, 0, 61839420]
[1531977478418011, 0, 0, 0, 61855804]
[1531977478418012, 0, 0, 0, 61839420]
[1531977478418042, 0, 0, 0, 61855804]
[1531977478418045, 0, 794, 0, 61839420]
[1531977478418047, 0, 0, 0, 61855804]
[1531977478418049, 0, 786, 0, 61839420]
[1531977478418066, 0, 0, 0, 61855804]
[1531977478418083, 0, 0, 0, 61872188]
[1531977478418098, 0, 0, 0, 61855804]
[1531977478418103, 0, 0, 0, 61872188]
[1531977478418118, 0, 0, 0, 61888572]
[1531977478418130, 0, 0, 0, 61855804]
[1531977478418149, 0, 0, 0, 61872188]
[1531977478418151, 0, 0, 0, 61855804]
[1531977478418153, 0, 0, 0, 61855804]
[1531977478418158, 0, 0, 0, 61872188]
[1531977478418159, 0, 0, 0, 61855804]
[1531977478418161, 0, 0, 0, 61855804]
[1531977478418230, 0, 0, 0, 61872188]
[1531977478418236, 0, 778, 0, 61855804]
[1531977478418238, 0, 0, 0, 61872188]
[1531977478418239, 0, 770, 0, 61855804]
[1531977478418241, 0, 0, 0, 61872188]
[1531977478418243, 0, 762, 0, 61855804]
[1531977478418247, 0, 0, 0, 61872188]
[1531977478418249, 0, 754, 0, 61855804]
[1531977478418267, 0, 0, 0, 61872188]
[1531977478418281, 0, 0, 0, 61839420]
[1531977478418283, 0, 0, 0, 61855804]
[1531977478418299, 0, 0, 0, 61823036]
[1531977478418301, 0, 0, 0, 61839420]
[1531977478418313, 0, 0, 0, 61806652]
[1531977478418315, 0, 0, 0, 61823036]
[1531977478418331, 0, 0, 0, 61790268]
[1531977478418353, 0, 0, 0, 61806652]
[1531977478418354, 0, 0, 0, 61790268]
[1531977478418356, 0, 0, 0, 61806652]
[1531977478418357, 0, 0, 0, 61790268]
[1531977478418424, 0, 758, 0, 61806652]
[1531977478418431, 0, 0, 0, 61773884]
[1531977478418432, 0, 754, 0, 0]
[1531977478418433, 0, 0, 0, 61790268]
[1531977478418436, 0, 746, 0, 61773884]
[1531977478418446, 0, 0, 0, 61790268]
[1531977478418447, 0, 0, 0, 61773884]
[1531977478418448, 0, 0, 0, 61757500]
[1531977478418453, 0, 0, 0, 61823036]
[1531977478418492, 0, 0, 18713272, 61757500]
[1531977478418509, 0, 0, 0, 62281788]
[1531977478418535, 0, 0, 0, 62249020]
[1531977478418540, 0, 0, 0, 62281788]
[1531977478418559, 0, 0, 0, 61757500]
[1531977478418561, 0, 0, 0, 61759548]
[1531977478418588, 0, 0, 0, 61694012]
[1531977478418642, 0, 0, 0, 62218300]
[1531977478418657, 0, 0, 0, 61694012]
[1531977478418659, 0, 0, 0, 61710396]
[1531977478418681, 0, 730, 0, 0]
[1531977478418684, 0, 0, 0, 61726780]
[1531977478418698, 0, 714, 0, 61694012]
[1531977478418705, 0, 0, 0, 61696060]
[1531977478418719, 0, 0, 0, 61694012]
[1531977478418721, 0, 0, 0, 61710396]
[1531977478418751, 0, 0, 0, 61726780]
[1531977478418768, 0, 0, 0, 61710396]
[1531977478418840, 0, 0, 0, 62234684]
[1531977478418846, 0, 0, 0, 61710396]
[1531977478418848, 0, 0, 0, 61726780]
[1531977478418862, 0, 0, 0, 61694012]
[1531977478418864, 0, 0, 0, 61710396]
[1531977478418877, 0, 0, 0, 61677628]
[1531977478418883, 0, 0, 0, 61679676]
[1531977478418885, 0, 0, 0, 61677628]
[1531977478418966, 0, 718, 0, 62201916]
[1531977478418970, 0, 0, 0, 61153340]
[1531977478418971, 0, 714, 0, 0]
[1531977478418975, 0, 0, 0, 61169724]
[1531977478418977, 0, 0, 0, 61153340]
[1531977478418979, 0, 0, 0, 61169724]
[1531977478418980, 0, 0, 0, 61153340]
[1531977478418982, 0, 718, 0, 61155388]
[1531977478418987, 0, 0, 0, 61151292]
[1531977478418988, 0, 714, 0, 0]
[1531977478419033, 0, 0, 0, 61675580]
[1531977478419034, 0, 0, 0, 61151292]
[1531977478419036, 0, 0, 0, 61167676]
[1531977478419038, 0, 706, 0, 61151292]
[1531977478419043, 0, 710, 0, 61167676]
[1531977478419046, 0, 0, 0, 61134908]
[1531977478419047, 0, 706, 0, 0]
[1531977478419048, 0, 0, 0, 61136956]
[1531977478419049, 0, 0, 0, 61134908]
[1531977478419073, 0, 0, 0, 61659196]
[1531977478419075, 0, 0, 0, 61134908]
[1531977478419076, 0, 0, 0, 61151292]
[1531977478419090, 0, 0, 0, 61134904]
[1531977478419096, 0, 0, 0, 61151288]
[1531977478419098, 0, 0, 0, 61134904]
[1531977478419099, 0, 0, 0, 61118520]
[1531977478419101, 0, 0, 0, 61120568]
[1531977478419102, 0, 0, 0, 61118520]
[1531977478419126, 0, 0, 0, 61118524]
[1531977478419155, 0, 0, 0, 61134908]
[1531977478419157, 0, 0, 0, 61118524]
[1531977478419160, 0, 0, 0, 61118528]
[1531977478419198, 0, 0, 0, 61134912]
[1531977478419205, 0, 698, 0, 61118528]
[1531977478419211, 0, 0, 0, 61134912]
[1531977478419243, 0, 0, 0, 61151296]
[1531977478419257, 0, 0, 18713240, 61134912]
[1531977478419260, 0, 0, 0, 61134916]
[1531977478419266, 0, 562, 18713236, 61118528]
[1531977478419278, 0, 0, 0, 61134912]
[1531977478419299, 0, 0, 0, 61151296]
[1531977478419312, 0, 0, 0, 61134912]
[1531977478419314, 0, 0, 0, 61134916]
[1531977478419326, 0, 0, 0, 61134912]
[1531977478419341, 0, 0, 0, 61151296]
[1531977478419343, 0, 0, 0, 61134912]
[1531977478419344, 0, 0, 0, 61151296]
[1531977478419348, 0, 0, 0, 61134912]
[1531977478419350, 0, 0, 0, 61134916]
[1531977478419352, 0, 0, 0, 61134912]
[1531977478419373, 0, 0, 0, 61151296]
[1531977478419376, 0, 554, 0, 61134912]
[1531977478419378, 0, 0, 0, 61151296]
[1531977478419379, 0, 546, 0, 61134912]
[1531977478419384, 0, 550, 0, 61134916]
[1531977478419387, 0, 0, 0, 61134908]
[1531977478419388, 0, 546, 0, 0]
[1531977478419398, 0, 0, 0, 61151292]
[1531977478419412, 0, 0, 0, 61118524]
[1531977478419414, 0, 0, 0, 61134908]
[1531977478419434, 0, 0, 0, 61102140]
[1531977478419440, 0, 0, 0, 61102144]
[1531977478419443, 0, 545, 0, 61102140]
[1531977478419455, 0, 0, 0, 61118524]
[1531977478419470, 0, 0, 0, 61085756]
[1531977478419473, 0, 0, 0, 61085760]
[1531977478419475, 0, 0, 0, 61085756]
[1531977478419486, 0, 0, 0, 61102140]
[1531977478419490, 0, 0, 0, 61102140]
[1531977478419496, 0, 681, 0, 61102144]
[1531977478419508, 0, 545, 0, 0]
[1531977478419509, 0, 0, 0, 61102140]
[1531977478419512, 0, 0, 0, 61118524]
[1531977478419514, 0, 537, 0, 61102140]
[1531977478419519, 0, 0, 0, 61118524]
[1531977478419521, 0, 529, 0, 61102140]
[1531977478419523, 0, 0, 0, 61151292]
[1531977478419577, 0, 381, 0, 61151288]
[1531977478419581, 0, 0, 0, 61167672]
[1531977478419600, 0, 0, 0, 61184056]
[1531977478419616, 0, 0, 0, 61167672]
[1531977478419619, 0, 0, 0, 61184056]
[1531977478419635, 0, 0, 0, 61200440]
[1531977478419647, 0, 0, 0, 61167672]
[1531977478419652, 0, 0, 0, 61216824]
[1531977478419672, 32896, 0, 0, 61167672]
[1531977478419675, 0, 0, 0, 61184056]
[1531977478419678, 0, 0, 0, 61167672]
[1531977478419683, 0, 0, 0, 61184056]
[1531977478419684, 0, 0, 0, 61167672]
[1531977478419686, 0, 0, 0, 61184056]
[1531977478419687, 0, 0, 0, 61167672]
[1531977478419691, 0, 0, 0, 61184056]
[1531977478419692, 0, 0, 0, 61167672]
[1531977478419695, 0, 0, 0, 61184056]
[1531977478419697, 0, 373, 0, 61167672]
[1531977478419715, 0, 0, 0, 61184056]
[1531977478419718, 0, 365, 0, 61167672]
[1531977478419720, 0, 0, 0, 61184056]
[1531977478419721, 0, 357, 0, 61167672]
[1531977478419723, 0, 0, 0, 61184056]
[1531977478419728, 0, 349, 0, 61167672]
[1531977478419730, 0, 0, 0, 61184056]
[1531977478419746, 0, 0, 0, 61151288]
[1531977478419748, 0, 0, 0, 61167672]
[1531977478419764, 0, 0, 0, 61134904]
[1531977478419767, 0, 0, 0, 61151288]
[1531977478419780, 0, 0, 0, 61118520]
[1531977478419782, 0, 0, 0, 61134904]
[1531977478419794, 0, 0, 0, 61102136]
[1531977478419799, 0, 0, 0, 61118520]
[1531977478419801, 0, 0, 0, 61102136]
[1531977478419803, 0, 0, 0, 61118520]
[1531977478419805, 0, 0, 0, 61102136]
[1531977478419810, 0, 353, 0, 61118520]
[1531977478419814, 0, 0, 0, 61085752]
[1531977478419815, 0, 349, 0, 61102136]
[1531977478419818, 0, 341, 0, 61085752]
[1531977478419823, 0, 0, 0, 61102136]
[1531977478419825, 0, 0, 0, 61085752]
[1531977478419826, 0, 0, 0, 61069368]
[1531977478419827, 0, 0, 0, 61134904]
[1531977478419865, 0, 0, 18713232, 61069368]
[1531977478419873, 0, 0, 0, 61593656]
[1531977478419896, 0, 0, 0, 61560888]
[1531977478419902, 0, 0, 0, 61593656]
[1531977478419919, 0, 0, 0, 61069368]
[1531977478419926, 0, 0, 0, 61071416]
[1531977478419949, 0, 0, 0, 61005880]
[1531977478419953, 0, 0, 0, 61530168]
[1531977478419965, 0, 0, 0, 61005880]
[1531977478419972, 0, 0, 0, 61022264]
[1531977478419989, 0, 325, 0, 0]
[1531977478419992, 0, 0, 0, 61038648]
[1531977478420006, 0, 309, 0, 61005880]
[1531977478420013, 0, 0, 0, 61007928]
[1531977478420026, 0, 0, 0, 61005880]
[1531977478420029, 0, 0, 0, 61530168]
[1531977478420031, 0, 0, 0, 61005880]
[1531977478420033, 0, 0, 0, 61022264]
[1531977478420050, 0, 0, 0, 60989496]
[1531977478420052, 0, 0, 0, 61005880]
[1531977478420065, 0, 0, 0, 60973112]
[1531977478420067, 0, 0, 0, 60975160]
[1531977478420072, 0, 0, 0, 60973112]
[1531977478420074, 0, 313, 0, 61497400]
[1531977478420078, 0, 0, 0, 60448824]
[1531977478420079, 0, 309, 0, 0]
[1531977478420080, 0, 0, 0, 60465208]
[1531977478420084, 0, 0, 0, 60448824]
[1531977478420086, 0, 0, 0, 60465208]
[1531977478420087, 0, 0, 0, 60448824]
[1531977478420089, 0, 313, 0, 60450872]
[1531977478420094, 0, 0, 0, 60446776]
[1531977478420095, 0, 309, 0, 0]
[1531977478420096, 0, 0, 0, 60971064]
[1531977478420097, 0, 0, 0, 60446776]
[1531977478420099, 0, 0, 0, 60463160]
[1531977478420101, 0, 301, 0, 60446776]
[1531977478420106, 0, 305, 0, 60463160]
[1531977478420108, 0, 0, 0, 60430392]
[1531977478420109, 0, 301, 0, 0]
[1531977478420110, 0, 0, 0, 60432440]
[1531977478420112, 0, 0, 0, 60430392]
[1531977478420117, 0, 0, 0, 60954680]
[1531977478420118, 0, 0, 0, 60430392]
[1531977478420120, 0, 0, 0, 60446776]
[1531977478420135, 0, 0, 0, 60430388]
[1531977478420141, 0, 0, 0, 60446772]
[1531977478420144, 0, 0, 0, 60430388]
[1531977478420145, 0, 0, 0, 60414004]
[1531977478420146, 0, 0, 0, 60416052]
[1531977478420147, 0, 0, 0, 60414004]
[1531977478420150, 0, 0, 0, 60414008]
[1531977478420178, 0, 0, 0, 60430392]
[1531977478420180, 0, 0, 0, 60414008]
[1531977478420183, 0, 0, 0, 60414012]
[1531977478420200, 0, 0, 0, 60430396]
[1531977478420203, 0, 293, 0, 60414012]
[1531977478420206, 0, 0, 0, 60414016]
[1531977478420212, 0, 157, 18713228, 60397628]
[1531977478420253, 0, 0, 0, 60397632]
[1531977478420269, 0, 0, 0, 60397628]
[1531977478420272, 0, 0, 0, 60397632]
[1531977478420274, 0, 0, 0, 60397628]
[1531977478420276, 0, 161, 0, 60397632]
[1531977478420283, 0, 0, 0, 60397624]
[1531977478420284, 0, 157, 0, 0]
[1531977478420286, 0, 0, 0, 60397628]
[1531977478420288, 0, 156, 0, 60397624]
[1531977478420290, 0, 0, 0, 60397628]
[1531977478420295, 0, 0, 0, 60397624]
[1531977478420300, 0, 292, 0, 60397628]
[1531977478420311, 0, 156, 0, 0]
[1531977478420312, 0, 0, 0, 60397624]
[1531977478420314, 0, 0, 0, 60446776]
[1531977478420363, 0, 8, 0, 60446772]
[1531977478420367, 0, 0, 0, 60495924]
[1531977478420383, 0, 0, 0, 60397620]
[1531977478420386, 0, 0, 0, 60446772]
[1531977478420394, 0, 0, 0, 60397620]
[1531977478420397, 0, 0, 0, 60397624]
[1531977478420424, 0, 0, 0, 60397668]
[1531977478420524, 0, 0, 18713224, 60397628]
[1531977478420529, 0, 0, 0, 60397632]
[1531977478420547, 0, 0, 0, 60397588]
[1531977478420551, 0, 0, 0, 60397592]
[1531977478420564, 0, 0, 0, 60397588]
[1531977478420567, 0, 0, 0, 60397592]
[1531977478420585, 0, 0, 0, 60397588]
[1531977478420627, 0, 0, 0, 60397592]
[1531977478420641, 32928, 0, 0, 0]
[1531977478420649, 0, 0, 0, 60397596]
[1531977478420650, 32896, 0, 0, 60397592]
[1531977478420664, 0, 0, 0, 60397584]
[1531977478420668, 0, 0, 0, 60397588]
[1531977478420687, 0, 0, 0, 60397580]
[1531977478420690, 0, 0, 0, 60446732]
[1531977478420703, 0, 0, 0, 60397580]
[1531977478420744, 0, 0, 0, 60921868]
[1531977478420752, 65664, 0, 0, 0]
[1531977478420761, 0, 0, 0, 60397580]
[1531977478420765, 0, 0, 0, 60399628]
[1531977478420768, 32896, 0, 0, 0]
[1531977478420776, 65664, 0, 18713228, 0]
[1531977478420778, 0, 0, 0, 60397580]
[1531977478420781, 0, 0, 0, 60921868]
[1531977478420792, 0, 0, 0, 60397580]
[1531977478420803, 0, 0, 0, 60399628]
[1531977478420812, 32896, 0, 0, 0]
[1531977478420817, 0, 0, 37425804, 0]
[1531977478420834, 128, 0, 18712972, 0]
[1531977478420847, 0, 0, 0, 60397580]
[1531977478420853, 0, 0, 0, 60921868]
[1531977478420877, 0, 0, 0, 60397580]
[1531977478420882, 0, 0, 0, 60399628]
[1531977478420883, 0, 0, 396, 0]
[1531977478420902, 0, 0, 0, 60397580]
[1531977478420906, 0, 0, 0, 60921868]
[1531977478420921, 0, 0, 0, 60397580]
[1531977478420925, 0, 0, 0, 60399628]
[1531977478420938, 0, 0, 0, 60397580]
[1531977478420945, 0, 0, 0, 79110156]
[1531977478420960, 0, 0, 0, 60397576]
[1531977478420965, 0, 0, 0, 60397580]
[1531977478420999, 0, 0, 0, 60446732]
[1531977478421018, 0, 0, 0, 60397580]
[1531977478421021, 0, 0, 0, 60397584]
[1531977478421049, 0, 0, 0, 60921872]
[1531977478421095, 0, 0, 0, 59873296]
[1531977478421096, 0, 0, 0, 59349008]
[1531977478421098, 0, 0, 0, 59349012]
[1531977478421117, 0, 0, 0, 59351060]
[1531977478421131, 0, 0, 0, 59346964]
[1531977478421132, 0, 0, 0, 59344916]
[1531977478421140, 0, 0, 0, 59344920]
[1531977478421166, 0, 0, 0, 59869208]
[1531977478421181, 0, 0, 0, 58820632]
[1531977478421182, 0, 0, 0, 58296344]
[1531977478421184, 0, 0, 0, 58296348]
[1531977478421204, 0, 0, 0, 58298396]
[1531977478421217, 0, 0, 0, 58294300]
[1531977478421218, 0, 0, 0, 58292252]
[1531977478421221, 0, 0, 0, 58292256]
[1531977478421248, 0, 0, 0, 58816544]
[1531977478421263, 0, 0, 0, 57767968]
[1531977478421264, 0, 0, 0, 57243680]
[1531977478421266, 0, 0, 0, 57243684]
[1531977478421281, 0, 0, 0, 57245732]
[1531977478421299, 0, 0, 0, 57241636]
[1531977478421300, 0, 0, 0, 57239588]
[1531977478421302, 0, 0, 0, 57239592]
[1531977478421326, 0, 0, 0, 57763880]
[1531977478421344, 0, 0, 0, 56715304]
[1531977478421345, 0, 0, 0, 56191016]
[1531977478421347, 0, 0, 0, 56191020]
[1531977478421362, 0, 0, 0, 56193068]
[1531977478421374, 0, 0, 0, 56188972]
[1531977478421375, 0, 0, 0, 56186924]
[1531977478421382, 0, 0, 0, 56186928]
[1531977478421428, 0, 0, 0, 74899504]
[1531977478421442, 0, 0, 0, 37474348]
[1531977478421443, 0, 0, 0, 18761772]
[1531977478421447, 0, 0, 0, 37474348]
[1531977478421473, 0, 0, 12, 18712620]
[1531977478421474, 0, 0, 0, 44]
[1531977478421476, 0, 0, 0, 88]
[1531977478421595, 0, 0, 8, 48]
[1531977478421613, 0, 0, 0, 52]
[1531977478421636, 0, 0, 4, 8]
[1531977478421650, 0, 0, 0, 12]
[1531977478421665, 0, 0, 0, 4]
[1531977478421697, 0, 0, 0, 8]
[1531977478421714, 132, 0, 0, 0]
[1531977478421716, 0, 0, 0, 4]
[1531977478421720, 0, 0, 8, 0]
[1531977478421723, 128, 0, 4, 0]
[1531977478421724, 0, 0, 0, 0]
[1531977478421824, 160, 0, 0, 0]
[1531977478421838, 128, 0, 0, 0]
[1531977478421842, 160, 0, 0, 0]
[1531977478421858, 32, 0, 0, 0]
[1531977478421865, 0, 0, 0, 0]
